[ xUp yUp xDown yDown ]
97   1   84   6
91   0   83   17
112   0   98   15
110   0   89   39
107   1   107   11
120   1   120   16
120   0   131   54
691   1   679   6
690   -2   678   9
684   3   679   15
693   0   697   38
697   0   699   24
700   3   702   23
702   0   705   25
706   0   707   18
711   0   715   31
715   0   716   14
718   0   720   18
720   0   722   19
726   0   727   10
745   0   691   30
737   0   740   11
749   0   689   33
762   -1   692   38
768   -1   690   42
768   0   771   25
781   1   756   13
787   -1   692   50
787   0   789   13
797   1   695   56
765   0   778   13
799   3   693   60
709   1   710   16
110   7   90   22
676   8   746   548
678   6   748   549
696   7   697   26
116   7   129   34
756   9   741   16
690   9   692   28
692   9   694   27
89   11   70   23
686   10   688   29
108   12   95   15
115   10   111   28
688   11   690   31
112   12   107   31
780   10   781   20
796   12   782   22
684   13   686   31
755   13   694   47
55   15   45   18
84   14   71   18
46   17   65   18
85   17   70   19
97   16   89   30
98   14   98   27
121   10   129   24
799   14   694   69
3   18   20   26
10   20   0   20
0   19   22   25
24   20   36   23
92   19   56   119
25   20   46   35
79   15   72   25
790   16   696   65
28   22   10   22
683   20   702   200
112   21   113   32
122   22   120   34
799   22   698   74
102   24   78   51
798   26   696   78
0   28   14   34
35   30   46   34
43   30   33   31
701   28   703   48
89   29   79   41
96   28   83   33
129   29   122   143
5   32   19   34
20   32   9   33
34   29   44   37
90   33   111   35
115   27   125   38
84   33   81   45
91   35   81   40
96   35   108   36
734   32   736   51
113   35   131   50
799   34   700   83
86   37   78   47
89   34   90   44
106   37   103   49
799   36   697   88
85   34   78   54
84   34   81   51
96   41   90   52
101   42   98   54
97   43   97   55
124   32   130   60
122   43   121   62
799   45   699   94
695   45   696   58
786   46   789   63
799   48   698   97
104   50   101   62
104   40   103   55
132   48   128   72
99   53   89   54
88   53   71   66
793   50   797   78
126   53   124   63
88   54   89   69
797   56   701   103
97   61   87   61
109   60   119   66
114   56   111   71
799   59   699   107
112   60   105   90
734   60   735   73
74   62   69   73
98   62   93   74
99   62   99   74
687   58   696   72
80   61   78   75
703   62   705   83
113   63   115   75
73   65   72   98
88   62   67   154
754   66   756   76
90   63   88   81
799   66   702   113
93   59   72   78
118   68   117   89
701   68   701   78
114   69   113   84
689   65   687   77
799   70   699   118
112   68   109   90
688   71   692   141
687   71   691   81
94   68   92   86
98   66   95   92
789   74   779   78
70   73   68   93
713   75   714   89
89   74   80   85
696   76   697   89
130   79   126   96
799   79   704   123
0   81   35   92
129   73   131   90
15   83   40   98
0   82   21   84
708   81   709   91
710   79   711   91
762   82   763   94
798   82   702   127
19   85   0   85
776   81   781   108
81   84   72   139
14   87   4   87
794   83   795   94
34   89   23   89
729   87   731   101
17   90   29   95
33   89   85   190
718   90   699   99
79   88   65   101
121   91   121   103
799   90   777   100
0   94   21   97
81   95   92   98
100   93   103   105
799   93   711   133
14   95   0   98
735   94   739   126
17   94   31   106
84   95   76   107
726   91   729   121
94   96   91   108
88   98   78   100
84   97   81   109
86   97   83   109
89   97   84   119
91   97   88   109
128   97   124   108
692   97   696   167
0   100   18   102
81   92   80   102
104   99   114   105
692   98   696   135
34   99   50   134
104   99   98   119
105   99   105   109
691   98   696   136
713   97   714   107
756   99   776   227
100   101   86   178
695   101   712   272
693   98   701   113
109   102   109   114
700   93   702   116
722   102   725   127
774   102   711   131
799   102   719   138
108   103   96   166
69   104   68   115
115   104   112   116
124   104   126   114
693   100   693   113
711   104   712   120
112   104   99   171
732   105   736   135
799   105   725   137
31   107   86   208
65   95   60   131
718   105   719   120
91   109   77   177
128   109   125   121
81   110   78   122
82   110   80   123
87   110   84   127
714   111   717   128
716   107   717   118
104   112   101   124
76   114   89   116
26   115   81   214
37   113   49   138
63   108   58   123
61   110   60   122
721   110   723   120
798   114   731   143
108   115   97   169
574   115   566   127
27   114   83   214
799   116   745   139
113   117   110   129
694   118   703   134
693   117   701   134
118   119   116   131
102   111   90   167
702   122   729   321
84   121   81   133
573   122   552   136
700   119   697   129
125   122   120   134
571   121   553   140
79   123   74   147
81   124   76   146
700   126   728   338
99   125   92   136
102   125   97   146
799   125   754   145
28   126   28   139
570   128   557   135
85   128   82   140
799   129   760   145
94   129   94   142
567   130   555   133
711   127   753   441
722   131   767   450
792   126   795   148
109   130   102   187
710   130   737   352
32   131   30   143
85   133   74   133
125   131   118   143
116   132   114   142
117   122   115   138
706   131   722   254
708   131   720   227
751   132   763   214
120   130   111   205
82   134   77   156
772   132   785   217
789   135   790   147
29   135   23   148
35   132   35   159
777   136   797   261
767   137   779   216
601   138   607   149
718   139   767   494
720   139   754   390
788   138   790   151
53   139   59   152
728   139   729   150
792   141   777   147
799   140   778   149
82   141   80   153
123   141   116   153
716   141   749   388
746   140   748   160
733   141   768   388
734   142   771   394
745   144   735   147
782   142   760   145
72   145   83   146
739   140   752   230
742   138   781   399
743   143   779   381
95   140   87   154
560   144   544   165
784   140   799   230
25   144   28   157
73   143   69   155
71   140   71   153
113   145   111   158
737   143   773   383
763   146   750   150
2   148   12   149
557   146   546   158
25   140   22   160
39   147   37   159
39   147   46   159
75   147   74   159
95   149   105   152
560   149   545   157
754   144   764   209
765   147   775   211
41   148   41   160
74   148   71   160
96   148   94   162
726   148   737   230
760   148   771   221
12   149   12   160
122   149   115   161
606   150   612   160
749   148   762   229
768   149   707   175
776   148   785   204
798   150   779   158
28   147   22   162
759   149   768   206
799   152   779   160
553   154   542   166
732   152   745   244
33   153   23   190
44   152   41   166
554   154   544   157
603   151   613   157
767   156   714   177
772   154   779   200
9   156   15   169
45   156   45   168
25   150   20   182
792   155   793   166
8   158   9   168
25   151   23   167
77   158   75   168
85   159   99   163
547   157   544   180
773   159   709   185
32   156   24   171
112   159   109   173
120   159   113   171
545   159   545   179
730   161   711   168
749   161   785   396
9   162   19   170
27   162   26   174
89   158   89   186
731   162   743   241
49   164   46   176
48   164   48   178
50   164   56   176
93   161   87   171
106   164   100   174
776   163   720   185
798   165   786   169
16   166   14   176
29   158   44   179
51   166   50   179
119   167   112   179
780   168   712   195
33   168   32   183
37   169   36   184
785   168   786   179
94   169   87   180
6   171   75   276
53   172   52   186
94   172   105   182
55   173   55   188
92   173   92   184
4   174   23   201
105   174   100   184
549   175   526   185
24   175   24   192
39   175   38   190
94   175   94   186
97   175   97   186
550   172   540   182
41   176   41   188
47   174   53   188
111   175   115   187
799   176   784   182
100   177   95   199
775   176   709   201
7   178   0   189
784   178   712   207
43   179   39   190
108   180   106   193
32   181   38   191
58   181   55   193
59   181   65   192
530   182   524   192
60   183   60   195
118   183   111   195
27   184   64   243
46   185   61   209
527   185   527   197
705   184   760   629
27   186   29   199
48   186   46   199
91   186   88   202
643   188   632   193
43   187   43   197
647   189   635   193
776   188   718   210
63   188   60   200
92   188   91   200
96   188   91   209
33   188   39   199
64   189   64   201
624   191   635   192
796   191   784   194
7   190   2   217
32   190   32   202
53   189   62   201
99   190   96   217
525   190   527   200
626   191   616   196
781   191   714   217
48   192   47   204
52   193   49   205
81   193   89   209
74   185   84   198
116   193   111   203
1   190   69   293
0   190   18   213
789   194   799   252
14   192   14   206
19   194   19   211
25   195   75   277
66   196   66   208
2   198   14   204
43   195   48   207
38   198   36   208
69   198   69   210
522   197   523   221
799   199   781   205
55   200   52   212
101   201   95   212
799   201   782   206
58   202   55   214
72   202   70   217
526   202   522   214
42   203   66   242
158   207   112   205
73   205   69   243
760   206   745   210
131   202   110   208
780   207   767   211
7   206   4   218
43   206   43   219
77   206   76   218
157   206   179   283
684   207   707   227
151   206   161   212
602   209   618   213
604   208   614   214
59   208   56   220
60   208   60   221
26   208   27   224
111   211   152   215
153   207   173   248
692   210   701   225
10   210   8   224
95   212   83   213
781   210   798   320
51   211   57   221
96   210   83   220
159   206   173   241
610   209   597   226
110   212   108   225
111   214   153   217
13   213   20   225
47   213   46   224
87   214   74   247
695   213   704   223
695   213   706   223
766   213   777   291
30   214   28   225
64   214   69   224
16   213   15   231
31   215   31   230
63   215   63   228
624   216   638   226
755   213   718   227
787   215   798   286
14   216   12   228
67   216   64   230
110   218   135   225
136   218   147   225
524   218   536   241
686   217   695   229
116   220   128   225
154   218   170   265
155   215   155   227
157   218   167   245
765   218   767   232
26   214   48   245
75   219   72   231
82   219   80   229
757   219   759   234
113   222   127   225
143   220   169   281
27   215   24   227
771   220   798   401
786   221   798   296
24   221   69   291
54   222   52   233
87   222   87   237
104   222   104   232
799   223   784   227
8   212   8   232
19   223   19   237
68   223   65   235
20   224   16   235
109   223   110   254
144   222   133   289
642   224   670   240
527   220   545   246
522   220   534   229
37   224   37   235
113   228   142   231
652   226   659   238
736   228   724   231
532   228   532   238
799   228   782   233
77   226   72   240
86   228   77   239
145   228   154   255
150   228   171   277
16   224   4   240
22   229   22   241
23   229   30   241
752   228   720   239
39   229   39   239
112   230   109   242
116   232   142   234
25   231   25   243
43   231   40   248
722   231   723   242
780   231   799   354
6   233   5   249
57   229   56   239
778   233   798   364
783   232   795   311
84   234   97   239
5   233   15   245
72   228   70   250
97   236   82   236
532   233   565   260
739   234   743   270
763   233   789   411
799   234   768   246
532   235   542   244
63   236   61   247
115   238   140   241
127   236   114   239
768   236   798   439
775   236   796   376
10   237   7   249
28   236   26   251
76   236   72   264
141   236   157   273
171   234   171   262
534   239   552   244
735   239   721   243
756   240   720   252
760   238   763   259
31   239   28   251
116   237   132   276
114   237   122   247
545   240   559   250
12   238   9   256
14   238   14   252
35   238   32   259
97   239   73   362
121   242   139   243
799   240   783   245
47   238   47   249
550   242   560   259
92   242   91   254
98   242   90   254
108   238   125   253
16   244   12   255
21   245   38   266
90   244   85   255
100   244   80   365
3   242   8   256
37   246   35   260
51   246   50   258
120   248   138   250
724   246   726   264
47   245   43   260
139   246   168   306
799   248   774   256
60   248   76   275
77   248   72   258
100   247   111   258
603   248   595   258
746   248   755   319
19   249   47   287
51   249   62   265
758   250   732   258
18   249   17   265
123   253   139   254
689   253   701   255
21   252   19   266
39   252   36   264
799   253   764   265
42   253   36   288
55   253   55   265
146   253   152   268
151   251   160   273
744   249   767   416
4   254   11   266
30   252   26   266
107   254   106   266
757   254   774   378
6   255   1   272
8   255   28   279
171   248   182   271
23   256   23   268
50   256   71   290
686   256   693   271
116   257   116   268
126   259   138   261
597   258   604   269
723   258   724   271
45   258   39   272
45   255   43   273
62   258   75   277
108   261   98   261
765   260   734   270
62   260   56   292
91   248   88   275
799   261   727   285
46   261   46   274
84   261   84   271
115   257   131   288
119   258   127   276
158   260   178   301
6   262   4   275
11   262   8   279
138   259   158   297
123   264   120   281
49   265   65   289
107   262   102   287
113   265   112   275
176   260   181   284
169   249   181   276
799   265   766   276
49   266   46   278
51   267   46   300
25   267   1   387
32   267   31   281
55   266   52   280
14   270   59   323
125   268   125   279
636   254   619   274
626   270   612   276
13   270   11   283
28   270   26   280
34   270   33   285
247   271   239   282
718   270   722   306
251   271   267   297
251   272   263   286
18   272   14   284
17   272   16   287
180   272   180   283
250   272   236   279
1   269   24   299
76   272   76   282
799   273   756   287
69   274   67   284
115   274   113   286
132   274   132   296
745   274   760   388
128   275   125   287
257   277   238   277
728   275   728   286
20   276   17   288
55   276   53   287
86   276   88   290
241   276   233   288
245   277   234   282
259   277   266   301
710   278   669   302
709   278   717   291
706   277   716   284
41   278   38   290
40   272   51   286
258   280   238   280
249   278   226   291
799   279   763   290
63   279   61   292
184   277   174   287
707   278   701   289
748   281   738   283
44   280   41   292
60   281   24   464
181   282   171   285
160   277   172   303
1   279   50   336
173   282   174   324
7   282   -1   322
133   283   139   294
705   284   677   300
26   284   23   296
46   284   35   337
691   286   702   288
702   286   692   287
29   286   26   298
732   285   734   305
799   287   729   308
65   287   65   297
112   287   109   314
541   288   462   320
540   289   591   315
705   280   696   291
68   287   65   299
102   288   75   448
174   288   179   298
229   289   223   301
239   286   226   298
243   288   229   294
242   287   231   295
246   290   232   290
270   288   270   302
534   290   553   294
39   283   39   294
233   289   226   306
543   290   470   319
30   290   28   303
51   290   62   306
81   290   78   301
85   290   83   300
257   291   270   298
365   290   309   318
768   290   770   304
10   291   7   303
9   291   9   307
34   291   31   303
51   291   48   303
73   289   67   325
119   291   112   337
225   291   223   314
242   291   261   299
380   293   362   293
380   293   362   293
380   293   363   293
547   291   558   304
607   291   601   301
799   292   743   309
14   292   11   304
53   292   40   365
70   292   68   303
179   292   178   316
358   293   332   305
363   294   420   313
383   294   364   294
364   291   420   310
62   293   50   354
90   289   82   301
245   295   264   301
720   282   716   305
779   292   792   381
116   293   113   311
243   293   243   305
361   296   352   584
535   295   483   316
541   295   481   320
718   295   721   364
24   290   24   300
361   295   311   320
365   297   411   316
130   296   127   308
252   296   252   308
364   294   363   361
16   297   13   309
37   297   34   309
55   297   52   309
231   297   231   314
254   296   254   309
540   297   548   509
545   298   576   314
551   299   591   312
553   298   572   309
716   297   706   315
238   298   235   310
240   298   238   310
40   299   37   311
229   298   229   314
235   298   234   316
244   299   243   309
248   299   245   312
272   298   268   311
260   298   259   313
360   300   360   322
367   300   363   394
538   299   536   314
539   300   539   325
799   300   731   321
146   300   157   323
369   301   368   343
371   302   370   388
365   296   417   315
531   300   531   315
32   294   -6   478
256   302   256   323
358   301   355   353
365   302   360   315
535   301   536   312
620   304   632   305
623   303   637   310
150   303   159   320
156   303   164   320
358   301   358   317
364   296   364   314
526   303   526   315
551   303   551   315
553   303   553   314
22   304   19   316
43   304   42   326
269   303   269   335
353   304   353   316
356   302   355   316
365   297   364   316
524   304   524   325
528   304   528   315
533   301   533   320
8   305   14   315
63   305   60   317
77   305   76   315
81   305   81   315
154   305   163   322
262   305   262   322
350   305   350   318
580   306   592   313
631   304   638   320
799   305   735   324
24   306   24   322
228   306   225   319
240   306   240   331
346   306   346   320
363   299   363   318
414   307   420   318
520   306   522   367
555   306   555   318
557   306   558   335
555   305   577   313
654   307   638   319
652   308   663   311
720   301   720   317
35   303   36   314
65   305   65   323
343   307   343   319
345   307   343   345
348   307   348   320
515   307   514   349
518   307   518   327
661   309   649   309
658   308   645   312
65   308   62   321
341   308   341   320
379   309   376   390
560   308   560   325
562   308   563   349
649   308   643   320
707   306   707   320
1   304   53   361
47   309   13   487
128   309   126   319
241   309   241   319
381   309   381   321
383   309   383   355
721   310   724   379
735   309   745   388
28   310   25   326
53   310   51   322
374   312   409   324
380   310   404   319
509   311   509   351
512   310   512   329
565   310   565   340
567   310   567   332
719   309   708   322
20   310   21   320
340   309   339   323
370   313   412   328
386   311   386   333
396   311   396   323
506   311   506   326
589   311   601   521
653   312   637   320
6   312   3   324
5   312   4   328
167   312   175   328
237   311   237   325
271   312   268   322
337   312   337   324
374   309   374   331
418   312   412   495
504   312   503   387
570   312   571   328
591   312   588   324
249   313   225   319
572   313   574   354
796   315   735   332
8   314   8   330
180   297   172   324
329   315   317   319
334   314   334   326
376   314   376   353
394   312   392   326
501   314   499   341
539   314   516   324
543   314   543   328
551   316   573   327
574   314   576   364
706   314   709   326
733   314   737   349
223   315   219   327
223   300   222   322
332   315   332   327
335   311   335   329
396   314   391   627
411   315   411   337
498   315   498   329
545   316   483   340
586   314   591   337
328   316   328   328
408   316   407   359
413   316   413   348
532   317   551   328
724   314   743   496
32   317   31   329
324   317   324   329
326   317   326   329
331   315   330   329
390   317   389   389
406   317   406   359
492   317   492   329
495   317   495   330
578   315   584   424
12   318   9   330
37   318   34   330
241   320   253   322
321   318   321   330
351   317   351   331
353   318   353   330
357   318   356   340
388   318   388   349
415   318   414   429
552   317   575   324
722   318   725   331
323   319   323   331
404   319   404   331
487   319   486   359
489   319   489   331
528   319   528   329
531   319   531   335
19   320   32   333
60   320   57   332
74   320   74   331
254   320   254   331
319   320   319   332
342   320   342   335
464   320   464   401
556   319   556   335
83   320   76   330
176   320   172   333
227   320   214   333
233   322   221   328
310   320   305   407
314   321   314   333
317   319   317   330
344   322   314   336
340   321   330   473
463   322   470   341
484   321   479   366
540   323   472   347
707   321   698   350
256   323   246   328
315   321   314   345
349   322   349   334
381   322   379   390
400   321   400   334
402   322   402   343
476   322   476   496
481   322   481   332
525   322   537   333
545   323   483   347
50   323   46   349
120   321   119   331
264   322   270   332
312   323   312   335
468   323   464   343
479   323   479   335
511   324   483   333
710   322   706   335
757   323   764   383
277   324   275   335
280   324   278   376
338   324   338   336
345   324   345   336
395   324   387   528
475   324   475   341
523   325   535   334
550   324   551   353
18   325   15   337
336   325   336   337
723   325   727   395
22   326   19   338
67   326   64   338
238   328   272   338
470   326   470   338
520   326   531   335
2   326   22   348
39   327   37   338
60   327   59   341
392   327   391   443
513   326   487   336
540   327   482   349
556   329   573   337
799   327   741   343
62   328   62   341
125   324   124   334
165   328   173   350
210   328   197   421
236   327   214   339
270   320   273   336
332   327   332   340
347   324   346   340
764   329   738   336
234   331   207   346
546   329   483   353
553   329   553   342
24   330   21   342
32   330   29   342
234   332   274   342
327   329   326   353
334   330   334   342
359   330   351   504
35   331   32   343
330   332   316   338
353   331   345   505
509   332   541   356
83   332   74   345
83   332   78   354
173   325   162   407
171   327   174   344
325   332   325   344
330   332   330   342
351   332   351   344
373   332   373   363
404   332   403   404
728   326   732   339
4   333   23   354
211   327   205   339
245   335   257   342
321   332   321   345
328   333   328   345
518   330   540   348
724   333   729   345
316   334   316   346
323   334   323   345
385   334   384   408
541   334   482   357
549   333   549   350
556   336   573   343
234   335   213   347
236   337   272   348
349   335   349   347
399   335   397   484
511   336   534   354
540   335   541   373
546   335   546   350
582   335   583   356
6   336   3   348
6   336   4   352
17   325   16   342
73   336   71   346
212   330   203   348
479   336   483   366
504   337   519   348
312   336   311   349
345   337   345   348
527   337   527   352
529   335   531   406
543   337   482   360
27   334   -2   478
335   338   335   350
337   337   337   353
410   339   408   618
498   339   513   350
517   338   517   355
538   338   538   352
8   339   5   351
40   339   35   361
65   339   62   351
232   338   229   354
234   339   226   416
239   335   238   345
336   339   313   350
544   338   544   349
634   340   623   350
633   341   686   358
531   339   533   392
630   342   670   348
682   341   617   364
683   341   701   367
31   336   4   479
56   341   47   394
105   341   100   374
347   341   345   391
356   341   356   353
638   341   623   346
636   341   624   353
633   342   649   349
799   342   742   357
32   341   31   354
35   342   32   354
317   338   316   354
491   342   492   418
537   343   483   362
558   343   573   350
633   341   607   370
684   344   670   344
21   343   17   367
111   343   109   359
228   342   228   355
242   343   239   383
331   342   331   355
333   343   333   355
514   342   538   361
546   344   484   367
36   344   36   358
127   343   133   353
226   344   219   415
247   344   240   419
343   345   324   352
368   344   368   371
499   344   499   367
593   338   594   352
634   346   649   349
59   346   59   359
245   345   241   391
250   345   244   415
324   345   324   357
350   345   350   357
14   346   11   358
57   346   56   359
256   346   256   357
314   346   314   358
726   343   730   416
18   347   15   359
205   345   205   397
221   346   219   369
258   347   258   359
261   347   261   359
315   347   315   359
322   347   322   359
328   347   328   359
511   347   512   363
639   343   620   350
80   348   73   359
218   348   215   386
264   348   263   370
327   349   311   355
348   348   347   380
484   348   502   362
541   348   479   370
562   348   562   365
651   350   629   353
682   348   697   363
691   348   702   364
683   341   702   359
412   349   411   447
560   350   570   354
625   350   609   370
725   349   731   359
267   349   267   362
269   350   269   362
272   350   271   372
310   350   310   362
320   346   320   363
346   348   328   355
342   349   341   386
344   350   344   367
387   350   379   554
623   350   611   361
631   350   619   362
669   350   700   367
734   350   743   428
71   351   69   363
129   349   135   359
473   349   473   382
507   348   539   374
519   352   542   370
543   351   483   373
636   352   625   358
6   352   3   364
63   352   60   364
74   352   75   362
343   352   316   363
340   350   340   368
475   352   475   381
658   354   628   362
670   354   656   354
668   354   684   361
-1   348   13   364
44   353   43   365
212   353   210   386
283   346   278   359
329   353   329   365
333   353   340   366
468   353   469   465
494   353   494   383
498   353   498   382
545   353   545   369
728   353   727   373
736   353   739   389
213   354   209   393
326   354   326   366
354   354   353   376
356   354   355   376
375   354   375   388
420   354   412   539
516   353   516   376
657   355   657   369
657   354   660   405
664   354   669   403
669   355   697   367
33   355   29   372
99   355   98   365
229   355   222   419
318   354   318   377
509   355   509   385
541   356   484   375
655   356   617   367
729   353   729   370
227   356   224   396
382   356   382   408
51   355   48   374
94   357   91   367
331   356   331   369
343   357   321   365
546   358   482   380
549   358   562   364
624   357   609   365
624   357   611   363
758   358   735   363
13   351   13   364
311   357   311   379
350   358   342   532
539   358   540   389
626   354   610   363
13   359   9   372
29   359   26   371
255   359   250   421
313   359   313   371
316   359   316   371
323   358   323   376
674   360   694   369
0   358   20   375
315   360   315   372
327   360   327   372
401   354   401   376
525   361   509   366
123   360   132   374
334   360   334   380
612   361   610   371
644   361   644   383
647   361   647   383
656   363   618   373
701   361   701   373
345   363   333   367
363   362   361   394
637   362   645   455
33   363   31   376
266   363   262   422
268   363   263   424
309   363   309   375
406   363   406   375
408   363   408   375
486   363   486   399
641   363   641   384
55   364   52   376
56   364   56   379
251   364   251   375
332   360   332   379
373   364   373   382
528   364   528   379
609   364   622   522
657   365   618   376
663   362   666   403
732   364   734   389
59   365   36   511
320   365   320   377
479   363   480   499
628   364   628   378
670   367   692   376
42   366   41   381
346   366   312   379
536   365   506   375
535   366   535   376
543   366   487   385
631   365   637   457
68   367   66   378
73   367   71   377
329   366   327   413
634   365   634   379
14   368   11   380
257   368   253   417
490   369   540   410
625   368   631   459
40   369   37   381
321   365   321   381
506   369   506   386
541   369   485   388
218   370   218   382
349   369   312   383
617   368   621   461
678   369   693   376
9   365   6   386
330   371   330   383
502   372   522   388
741   371   743   388
16   372   13   384
26   372   23   389
125   372   134   385
259   372   256   418
312   372   312   384
316   372   316   384
558   369   544   380
613   372   622   508
702   365   713   535
29   373   9   482
270   373   267   423
544   373   484   394
662   371   654   386
729   374   732   443
326   373   326   386
343   374   343   391
348   376   315   386
662   370   653   387
46   375   37   419
277   374   277   431
367   375   367   387
489   375   489   398
503   377   483   382
512   376   526   387
525   375   543   391
128   373   148   402
309   376   307   406
336   374   328   588
404   378   402   616
408   376   408   398
514   374   539   395
542   376   484   395
53   377   50   389
250   377   248   419
352   377   333   383
353   377   352   403
355   377   354   399
401   377   401   424
661   379   618   391
661   379   621   398
33   377   28   400
47   378   44   390
122   378   129   388
339   378   339   390
500   378   500   395
542   378   542   388
634   377   639   460
317   379   317   391
555   378   566   383
627   379   636   528
671   379   696   390
671   379   699   392
169   380   166   408
543   380   486   399
554   382   565   387
776   380   778   399
261   381   260   402
347   381   346   403
773   382   760   385
778   382   740   391
37   382   34   399
40   382   22   488
123   382   156   432
560   384   571   388
54   383   48   418
66   383   63   393
69   383   69   393
324   380   324   404
320   382   319   416
330   384   330   396
483   377   483   461
529   384   529   408
539   386   485   402
658   386   644   387
730   385   733   454
13   385   0   459
219   387   209   389
315   385   315   397
322   384   322   399
329   386   314   390
360   385   363   397
496   386   544   427
658   387   648   389
24   377   46   399
313   386   313   398
367   388   379   391
641   387   619   393
663   388   640   390
207   387   198   399
214   387   223   397
326   387   325   409
341   387   341   399
352   388   328   397
490   388   535   426
516   387   516   404
579   387   580   425
211   387   202   400
544   388   484   407
731   389   734   458
775   388   782   444
6   389   3   401
473   390   461   394
523   388   523   402
658   389   659   403
749   389   750   399
9   390   7   404
24   390   6   481
367   392   379   395
389   390   389   412
449   390   446   402
450   390   448   403
526   390   539   402
647   389   647   410
649   391   659   528
783   388   784   401
44   391   35   454
139   391   152   413
273   390   272   412
318   389   308   628
332   393   322   395
375   391   358   413
422   390   417   400
476   391   476   428
645   389   646   412
132   392   153   419
317   392   317   404
505   391   506   454
524   393   538   405
645   393   620   397
88   393   86   405
121   390   150   428
234   392   234   405
499   393   499   423
501   394   527   415
508   387   544   420
539   394   489   408
633   393   620   395
311   394   311   404
367   396   378   399
457   394   451   416
485   393   497   405
511   392   511   405
785   395   773   397
789   396   742   406
463   395   459   413
519   396   533   407
545   395   483   414
569   394   559   404
124   396   159   444
310   392   309   404
331   396   331   408
344   395   343   438
455   396   453   406
461   396   459   406
329   397   329   409
349   398   332   403
771   397   772   413
47   398   44   410
314   398   314   410
543   398   543   409
31   384   9   507
66   399   66   410
69   399   65   410
116   398   156   445
240   399   240   411
342   398   341   441
352   400   332   407
408   399   408   421
550   401   562   406
550   401   583   412
578   399   566   411
63   400   61   410
210   400   209   412
210   400   213   414
237   400   237   414
249   402   263   405
322   400   322   412
340   400   340   432
354   400   354   412
495   400   495   452
497   401   511   412
539   400   483   416
631   400   631   411
788   400   794   446
8   394   2   426
95   401   95   411
208   401   208   412
513   401   513   412
546   402   483   421
735   396   731   406
49   402   46   414
203   401   204   423
366   404   383   408
377   400   366   414
379   402   362   424
732   403   735   472
733   403   736   472
446   403   443   415
463   403   460   414
507   403   508   449
169   405   179   412
214   404   214   414
217   404   215   414
260   404   260   418
317   406   298   411
346   404   346   426
352   404   352   426
447   404   444   421
662   405   650   409
783   404   788   447
119   405   154   448
165   407   177   409
173   407   163   408
307   405   298   417
323   405   322   431
544   405   484   423
734   405   737   415
86   406   59   566
137   406   146   420
142   406   151   421
202   406   200   416
366   408   378   411
471   406   471   451
671   406   685   585
799   406   743   419
168   407   180   415
170   404   179   420
301   409   312   411
311   406   315   424
369   407   361   418
551   408   562   412
562   408   574   413
660   407   666   526
774   407   776   421
474   409   457   417
577   407   565   419
634   410   620   413
337   410   321   415
347   411   323   418
377   408   365   423
402   409   400   621
489   409   490   454
511   409   512   455
545   409   483   428
303   405   294   422
325   410   317   584
329   410   329   422
331   409   323   621
378   410   370   420
487   410   487   459
535   409   535   419
662   412   652   414
44   411   41   428
178   408   178   433
314   411   311   421
379   411   379   443
455   411   449   433
467   407   464   421
562   412   572   415
663   410   665   450
6   412   2   429
31   412   26   434
203   412   192   424
309   408   318   418
377   412   377   423
380   412   367   431
384   412   371   428
381   412   378   493
382   412   377   655
501   412   502   451
530   412   530   422
544   412   484   430
634   413   620   415
276   403   268   419
321   413   311   567
354   413   354   425
388   413   387   445
471   408   463   418
551   415   563   420
668   413   668   427
754   413   754   427
118   414   153   452
134   414   132   425
211   414   178   431
338   414   338   433
519   414   520   468
532   412   532   457
565   412   553   425
635   416   620   419
734   411   738   484
733   412   738   425
118   415   153   459
134   415   146   431
239   417   278   428
478   416   465   418
491   415   505   428
537   415   537   448
541   415   541   440
736   413   736   493
792   415   794   433
59   416   59   426
65   416   63   426
159   418   171   420
240   414   254   420
269   415   285   436
296   416   296   428
547   416   528   420
586   415   591   528
647   416   647   428
169   417   159   426
197   418   186   422
222   418   280   431
319   417   319   429
451   417   448   429
518   415   519   469
559   419   579   424
635   419   622   421
649   416   655   503
694   416   696   449
799   419   788   420
37   416   25   494
271   415   287   436
304   418   300   436
326   418   326   430
479   418   479   494
524   416   525   460
168   418   165   434
305   419   305   435
332   420   310   426
444   420   428   426
526   419   527   452
544   419   490   435
674   419   682   520
673   416   676   428
774   419   780   464
162   420   158   430
181   419   177   429
215   417   223   427
220   422   299   439
451   422   438   422
481   422   470   423
534   421   485   434
632   420   635   486
769   420   771   440
799   421   757   429
46   421   44   437
165   421   162   433
237   423   264   429
307   421   307   435
441   421   441   441
544   421   544   446
552   422   564   428
696   421   696   433
48   422   45   434
170   422   167   436
287   424   273   427
407   422   407   480
465   418   465   428
172   423   171   434
191   419   181   430
226   425   207   425
286   423   288   433
287   423   287   435
328   423   328   435
369   423   361   434
534   423   536   457
548   424   484   441
700   423   701   439
115   424   152   462
119   424   128   434
171   423   167   438
195   426   184   430
205   425   162   442
336   424   335   446
522   420   535   433
561   426   574   429
672   422   686   435
247   427   218   427
314   421   312   440
313   425   318   455
400   425   394   630
673   427   685   431
131   425   151   447
209   428   162   448
300   425   301   435
353   426   353   438
530   426   532   474
548   428   538   428
686   426   687   448
204   429   312   451
298   415   293   439
295   420   295   434
345   427   345   439
351   427   350   469
378   427   371   437
477   427   461   432
499   427   499   456
521   427   541   447
134   423   133   436
224   430   312   448
241   430   303   443
540   429   490   442
664   429   652   432
672   429   686   433
761   428   762   449
41   429   38   446
212   431   226   437
277   422   294   438
422   425   420   435
493   429   493   457
514   429   514   455
197   430   160   445
319   430   319   442
346   431   334   434
414   430   409   610
596   357   601   523
644   429   650   477
326   431   318   605
449   422   446   437
544   432   487   447
663   433   653   435
58   432   56   443
61   433   61   444
64   432   60   443
322   432   322   444
636   434   625   435
676   434   686   436
27   432   17   487
339   433   339   455
416   433   428   444
582   431   583   467
118   430   152   468
162   434   144   580
545   434   490   449
567   434   580   438
648   434   649   459
664   435   652   438
798   436   785   438
47   435   44   447
89   435   87   445
114   435   150   472
211   435   189   437
204   434   159   451
202   435   158   454
204   436   284   454
450   436   433   440
478   437   466   438
552   437   564   441
636   436   624   439
328   436   328   448
376   436   372   545
452   438   435   442
740   434   744   532
214   436   177   446
337   437   337   449
429   439   419   439
670   437   668   469
681   437   683   452
745   433   745   443
130   437   149   454
204   438   187   601
338   439   324   442
430   428   430   460
546   439   490   454
636   439   625   441
743   437   748   447
235   439   232   451
343   439   343   461
353   439   353   470
376   434   366   448
450   440   436   443
757   439   757   451
798   440   781   442
199   440   196   452
345   440   344   462
376   437   369   448
684   440   685   459
43   441   41   457
201   441   184   578
213   437   209   453
217   437   213   453
369   440   361   451
427   440   427   463
452   442   436   446
636   442   622   444
686   439   686   451
221   443   242   446
341   442   334   618
541   444   515   451
758   444   747   445
221   443   218   455
220   443   220   467
418   443   418   494
799   443   779   449
192   445   167   454
189   444   189   456
224   444   223   456
378   444   373   570
390   444   381   640
440   444   440   481
451   445   433   450
740   437   740   456
772   444   778   493
185   446   169   451
191   442   191   459
199   445   185   571
207   445   207   457
226   445   225   468
229   445   228   468
321   445   321   477
453   447   435   451
464   445   466   496
548   446   484   462
710   437   716   535
44   445   40   476
128   446   152   473
236   446   236   469
246   448   266   452
387   446   387   467
393   446   386   622
563   448   575   451
39   447   35   473
112   448   149   482
128   442   126   459
177   447   177   459
183   446   182   471
218   446   217   459
239   447   237   470
241   446   241   469
335   447   327   621
457   448   433   454
673   439   678   452
746   447   751   495
792   447   798   457
185   447   183   470
245   448   244   471
751   448   753   468
799   449   748   460
10   429   2   480
54   449   54   460
60   449   58   460
59   449   59   460
171   449   171   461
249   449   249   461
253   449   253   472
266   448   265   461
327   449   321   591
454   451   436   455
478   450   465   453
486   448   499   461
514   451   490   456
542   445   542   455
560   449   549   461
678   451   705   459
707   449   707   462
56   450   52   460
232   446   231   478
251   450   250   472
257   450   257   472
319   450   310   462
337   450   331   596
496   450   529   481
668   452   656   452
678   452   705   465
195   441   195   467
261   451   261   463
285   453   309   458
386   451   386   473
465   446   475   456
790   451   799   521
127   452   152   479
210   441   208   474
214   442   213   465
263   452   263   472
269   452   269   475
301   452   300   481
363   450   363   464
456   452   433   458
535   453   509   459
544   451   537   461
580   448   565   464
660   453   627   462
178   452   178   465
186   450   187   469
254   453   259   470
273   453   272   475
282   455   301   458
461   455   435   461
547   453   508   463
650   454   623   460
664   454   626   466
165   453   165   469
277   454   277   466
662   456   652   456
172   455   172   467
274   456   274   475
280   455   280   476
293   453   292   479
308   455   305   480
672   454   701   468
799   455   754   468
287   456   286   477
289   456   289   479
338   456   337   508
461   457   435   462
668   457   652   458
681   458   706   466
700   458   710   462
703   456   705   483
166   457   166   469
222   457   222   467
278   456   280   466
284   457   284   477
295   457   294   479
738   457   741   471
33   458   31   471
460   459   434   465
484   455   487   465
542   458   521   463
545   458   546   485
689   458   694   524
700   457   702   482
758   458   759   479
799   458   762   468
111   460   148   492
297   459   297   488
317   459   317   471
368   459   368   481
669   459   651   462
679   461   706   469
176   460   176   473
190   460   187   493
309   459   308   502
360   450   359   472
370   460   370   472
372   460   372   509
515   460   539   485
524   456   544   477
672   458   673   476
125   460   125   471
459   461   433   467
545   462   514   470
639   461   640   486
741   461   741   535
38   462   36   476
129   460   145   476
170   462   170   473
342   462   341   502
666   462   670   526
684   462   687   501
702   462   703   481
204   464   157   481
265   463   265   474
304   463   304   480
344   463   344   475
427   464   426   492
455   465   435   470
686   463   689   509
688   463   688   483
742   461   746   533
799   464   748   473
126   464   150   488
525   464   526   482
523   464   543   485
23   465   20   482
362   465   362   477
457   467   433   473
490   462   492   586
499   463   502   624
631   467   649   499
786   465   787   476
53   466   50   478
56   466   56   478
59   466   55   476
177   466   176   477
206   467   156   483
212   465   221   476
493   467   496   628
496   462   499   625
536   468   522   471
534   464   534   479
543   466   543   477
636   466   633   478
641   466   642   491
699   466   704   527
709   466   709   482
115   466   149   498
478   465   468   479
539   467   539   478
623   466   625   508
111   468   108   479
171   468   171   479
364   468   364   507
468   462   462   473
508   468   508   480
547   469   517   476
83   469   83   479
212   469   200   599
247   462   247   488
487   469   487   497
506   467   509   628
565   471   581   475
575   466   565   478
166   470   164   481
451   471   435   475
469   470   467   485
484   470   484   498
512   470   515   619
514   470   514   486
675   471   686   479
770   469   771   479
127   470   143   485
222   471   212   600
236   467   224   479
352   471   352   502
435   471   435   482
111   473   147   502
208   471   158   487
224   472   224   484
317   472   317   484
652   472   649   488
782   468   785   505
799   474   749   481
156   474   159   485
235   473   225   601
502   472   504   594
669   470   673   526
754   472   755   482
55   470   44   486
207   476   156   489
206   476   307   494
330   474   330   496
385   474   383   544
445   476   435   477
520   472   520   498
559   476   577   480
666   476   654   479
673   476   661   476
681   476   691   478
111   476   148   508
249   475   249   487
451   476   434   480
674   466   680   479
195   475   190   512
359   476   359   498
453   478   433   482
648   470   654   491
677   477   690   482
472   474   471   496
647   473   648   489
666   479   654   480
785   479   774   480
71   480   47   480
207   478   195   599
259   477   259   490
320   478   319   500
361   478   361   489
453   480   436   483
474   478   474   489
798   479   748   487
30   479   30   491
214   479   214   491
271   479   271   491
355   479   354   505
469   479   469   495
676   480   688   486
218   480   213   535
236   479   236   492
369   477   369   500
666   482   655   484
680   482   691   485
34   481   31   494
85   481   83   495
183   481   170   597
204   480   204   496
227   481   216   601
406   481   405   616
508   481   508   493
512   480   524   492
522   481   536   496
588   477   587   522
661   483   671   484
763   482   752   486
36   482   34   494
39   482   36   494
124   480   138   494
230   482   221   598
453   483   437   486
560   484   582   489
579   482   566   497
0   482   38   505
108   484   145   511
189   483   189   495
239   483   239   495
455   485   430   489
535   485   523   486
551   485   540   486
640   484   629   489
671   484   643   491
776   480   782   493
789   481   791   506
793   482   791   492
44   477   41   496
50   484   47   496
520   483   539   502
756   483   758   510
772   484   776   520
54   485   54   495
223   485   214   580
306   485   303   547
316   485   316   497
343   485   343   498
367   485   366   507
396   487   394   640
514   485   527   498
563   485   563   502
634   479   638   494
81   486   81   496
109   487   147   518
184   486   180   525
252   486   251   508
273   485   273   498
294   483   293   512
430   485   424   495
555   488   541   488
559   488   577   493
674   486   675   507
185   488   161   494
261   487   256   550
264   487   264   499
299   485   292   596
429   489   419   491
436   489   456   493
461   489   450   490
536   488   522   490
554   489   577   495
690   487   690   503
798   487   751   495
8   488   5   501
248   488   247   520
268   488   268   500
512   486   528   502
636   486   646   491
743   489   743   528
742   488   750   505
122   489   128   499
170   489   170   501
176   489   176   501
188   490   162   498
246   489   238   584
255   489   253   520
276   489   276   501
417   489   417   512
442   490   421   492
449   490   460   497
296   489   290   591
640   492   628   492
652   488   654   529
190   491   185   541
258   491   250   593
283   490   282   513
536   491   548   503
707   491   708   507
762   491   772   582
8   492   8   504
164   492   164   504
270   492   270   504
291   492   290   504
703   492   703   504
799   493   751   501
799   493   789   496
235   493   234   519
280   495   293   497
362   493   362   505
74   489   69   499
107   495   145   522
158   494   154   538
280   494   278   515
284   494   284   516
288   494   288   506
470   496   490   505
527   494   519   507
637   494   637   504
37   495   33   517
177   495   171   555
469   497   487   501
508   495   511   621
641   495   641   506
678   488   685   502
779   494   781   507
19   496   17   507
188   496   182   569
238   496   238   519
242   496   236   584
411   496   411   508
444   497   420   500
438   498   488   509
513   494   526   506
643   496   644   527
329   497   328   519
440   495   440   624
16   497   15   507
20   498   20   510
181   498   160   503
316   498   316   510
429   497   429   535
539   498   532   510
768   498   778   588
23   499   22   510
184   500   164   506
272   499   266   592
348   499   347   521
430   501   419   503
434   499   433   562
528   494   538   504
667   501   655   504
684   501   694   503
752   499   761   589
0   500   20   509
115   494   129   510
263   500   258   577
266   500   264   541
431   500   431   535
435   501   435   513
446   500   446   626
452   500   452   630
518   501   498   505
515   500   518   619
650   499   651   529
112   502   147   529
302   501   302   513
319   501   319   513
390   501   390   523
448   501   448   628
562   501   553   511
602   494   605   508
799   502   766   507
0   502   43   523
27   502   27   513
31   502   27   514
31   502   29   515
175   502   165   593
275   502   268   597
418   502   418   621
426   501   426   517
455   502   455   531
457   502   457   607
487   502   488   633
539   502   539   523
551   498   542   508
668   504   654   506
743   503   748   521
169   502   169   515
202   503   202   515
218   504   232   506
307   503   307   560
351   503   351   515
422   503   422   513
460   503   459   592
463   503   464   580
489   503   489   564
532   505   504   511
82   504   80   515
184   504   180   543
465   504   465   630
467   504   467   559
0   505   34   522
34   505   35   515
163   505   163   517
269   505   262   613
349   505   349   527
470   505   470   517
537   505   538   524
669   507   655   511
749   505   746   517
343   506   338   620
353   506   353   518
420   506   419   640
450   506   419   509
444   508   490   519
473   506   473   549
478   506   479   625
554   506   560   517
673   508   659   508
105   508   143   532
189   508   161   515
213   504   208   541
290   505   287   572
528   504   531   611
535   504   535   523
625   501   624   519
656   507   657   529
799   509   751   515
250   508   243   602
364   505   357   516
475   508   475   545
481   508   481   526
484   508   485   609
522   508   524   628
640   510   630   510
676   510   656   511
72   497   71   518
185   509   185   521
337   509   332   628
436   511   419   512
441   511   485   520
65   512   33   512
526   510   527   591
692   508   692   527
315   511   315   523
442   513   482   521
520   510   522   622
532   511   533   527
676   511   678   525
787   509   788   519
108   513   145   539
217   513   231   515
689   512   689   526
781   512   789   580
66   513   63   525
195   513   188   578
293   513   287   622
357   512   356   525
416   513   414   622
443   515   484   525
120   513   127   523
281   514   281   525
286   512   285   553
301   514   300   542
319   514   314   593
636   516   624   516
759   514   765   569
169   515   169   527
363   512   363   544
519   517   504   518
564   514   565   541
188   517   160   524
201   516   200   545
317   516   315   577
351   516   351   538
443   518   483   527
578   516   570   526
707   516   708   530
709   516   710   531
714   516   725   608
798   518   757   524
6   517   6   529
167   516   167   526
561   519   579   523
691   517   691   527
103   519   142   542
157   518   157   530
431   520   419   520
427   518   427   530
636   518   603   526
706   518   709   556
1   508   35   523
78   519   71   582
353   519   353   541
470   518   470   629
560   521   584   526
10   520   10   531
12   520   8   530
13   520   13   531
283   520   283   532
328   520   328   542
445   522   484   530
619   521   597   523
638   517   641   535
749   520   743   534
43   520   31   533
47   521   34   527
75   521   71   548
365   522   365   553
549   523   536   523
613   523   627   524
716   522   737   536
16   522   15   533
20   522   18   534
77   522   74   535
184   522   183   534
347   522   342   637
368   522   368   536
371   522   371   534
445   523   484   532
683   515   683   542
105   524   143   549
182   524   166   528
233   523   226   605
360   520   360   534
430   525   419   526
555   524   534   525
556   525   585   530
568   523   568   534
587   523   588   546
717   525   739   527
743   523   749   534
799   523   753   529
65   515   56   578
246   524   246   536
314   524   314   536
389   524   384   640
443   526   483   534
794   524   798   537
22   525   22   536
507   527   494   527
670   526   656   528
688   527   744   536
788   524   789   534
25   526   25   537
162   526   162   538
238   523   236   548
253   526   253   540
345   526   345   548
430   528   418   529
620   528   639   533
717   528   730   530
30   527   30   538
81   527   81   539
444   529   484   537
560   527   560   539
730   527   738   537
0   529   12   532
29   528   27   538
181   528   159   533
348   528   348   577
566   530   579   532
671   530   660   530
749   530   719   542
750   530   738   537
748   522   747   538
70   522   67   541
86   529   81   581
168   528   168   541
278   529   278   548
280   529   279   561
386   529   385   571
481   529   481   626
588   531   604   532
692   531   722   538
778   527   778   537
88   530   88   541
166   530   166   547
180   530   175   581
443   532   484   539
539   530   539   540
639   532   623   532
671   530   672   552
674   530   675   553
753   531   738   537
156   531   156   543
427   531   425   630
538   531   538   553
662   533   679   534
720   533   730   535
799   532   755   539
92   532   91   542
431   534   419   534
576   532   577   551
584   532   584   544
104   535   138   552
202   484   194   579
282   533   282   552
340   533   339   555
444   535   484   542
582   533   582   544
590   533   590   544
592   533   596   615
641   535   623   535
697   535   726   542
705   533   708   576
720   535   731   538
94   534   94   544
111   530   120   541
431   536   418   537
455   534   455   546
678   536   661   536
709   534   710   559
443   537   484   545
0   536   28   547
105   538   138   557
181   538   171   540
562   538   579   540
601   534   602   545
641   538   624   538
695   538   715   542
711   536   714   579
245   537   242   592
314   537   311   589
371   535   371   551
430   539   419   539
715   538   727   545
790   535   792   550
799   539   754   544
435   533   435   550
445   540   483   547
553   539   530   542
671   540   661   541
679   538   679   548
686   537   683   550
695   536   697   582
53   541   34   541
73   539   72   549
161   539   161   551
164   539   164   564
213   539   210   584
350   539   349   581
430   539   430   551
571   539   572   558
368   540   368   563
411   540   410   614
554   541   524   545
7   541   1   584
16   542   9   584
81   541   78   553
147   541   141   556
442   543   484   550
643   542   623   543
684   535   689   553
697   540   703   622
726   539   715   550
67   542   62   564
352   542   352   554
779   541   780   551
327   543   327   555
414   543   414   590
443   543   443   567
545   543   547   622
547   543   547   555
567   545   580   547
785   542   790   553
185   546   157   551
307   541   300   556
540   544   542   625
693   543   695   579
86   545   83   581
147   545   142   562
430   547   420   548
444   547   479   552
641   545   641   556
29   546   21   587
101   546   129   558
300   546   299   568
356   543   358   557
444   548   483   555
520   548   505   548
567   546   567   558
569   546   571   593
626   546   631   628
625   548   639   550
784   544   783   554
92   547   89   559
182   547   182   559
264   546   261   604
392   547   392   569
565   547   565   557
575   547   575   574
580   547   582   588
606   544   608   593
615   547   619   628
635   547   636   590
651   547   652   564
658   547   656   557
799   548   754   553
94   548   89   570
431   550   418   550
455   547   455   624
560   550   580   552
582   548   584   575
586   549   590   627
624   548   628   628
102   551   115   556
157   544   157   561
234   549   234   561
304   549   300   568
344   549   340   655
445   551   489   558
476   549   476   613
554   549   554   563
596   548   597   583
598   549   599   590
639   551   627   551
685   548   685   575
727   549   729   597
15   552   26   554
111   552   121   554
175   550   173   576
219   552   229   553
358   548   357   561
562   548   562   564
603   550   605   626
637   548   639   583
682   539   687   554
151   546   148   587
165   551   156   601
565   553   580   554
601   549   603   587
669   553   682   554
753   551   754   563
47   554   37   554
79   550   74   587
198   550   198   561
373   549   373   572
251   553   251   565
431   555   419   555
456   555   484   560
474   553   474   603
628   555   639   556
708   555   718   558
799   554   754   559
25   556   14   556
47   556   36   556
159   551   158   563
182   556   156   560
257   554   252   607
538   554   538   566
588   547   590   562
678   556   666   556
352   555   352   594
378   555   377   616
431   555   431   567
450   557   483   563
577   555   579   589
48   558   34   558
327   556   326   578
339   556   339   578
565   558   586   560
639   558   628   558
68   557   68   569
72   557   70   571
100   559   120   568
115   557   112   572
117   557   133   567
140   557   135   569
360   557   360   571
445   559   483   565
547   556   549   628
666   557   668   585
673   556   674   578
17   558   15   571
103   560   117   565
179   558   179   570
281   558   281   570
285   558   282   613
365   558   365   570
563   560   581   564
778   558   785   572
11   551   10   570
121   556   118   569
171   559   168   596
616   561   599   561
641   559   641   570
36   562   47   563
94   560   90   577
276   560   274   602
304   560   298   655
305   560   305   572
444   562   483   567
639   562   628   562
722   556   719   572
362   558   362   569
9   561   6   581
141   563   137   574
234   562   231   601
279   562   277   604
572   562   573   629
599   564   616   566
27   564   21   574
33   563   21   575
91   563   83   574
154   563   154   575
468   563   468   597
639   565   628   565
677   563   677   578
102   565   124   574
107   566   126   575
143   564   129   655
178   566   156   567
181   560   179   578
431   566   418   566
445   566   484   571
564   566   581   568
682   564   683   578
734   564   734   575
780   566   757   567
63   565   59   577
260   564   254   655
444   567   483   573
689   565   686   576
712   565   712   575
251   566   251   578
616   568   600   568
685   563   692   574
201   566   199   599
207   566   207   583
538   567   538   579
568   569   581   570
590   567   592   613
640   569   628   569
164   568   165   598
445   570   479   575
490   568   490   587
653   568   653   578
799   569   756   573
26   570   12   576
98   570   110   577
297   569   295   581
301   569   298   581
399   568   398   627
600   571   617   572
656   568   656   578
102   572   92   572
135   570   130   582
391   570   389   622
568   570   568   590
640   572   629   572
689   572   713   577
100   573   118   578
178   571   176   598
280   571   280   583
434   571   434   590
442   573   485   579
25   569   34   581
181   572   181   583
366   567   359   581
385   572   385   584
565   574   587   577
643   567   643   584
766   572   769   602
783   572   785   600
59   566   60   587
103   575   86   575
158   573   157   597
617   575   607   575
25   576   58   580
436   572   436   595
442   576   486   581
567   576   582   578
714   575   702   576
709   575   699   581
29   573   39   578
101   577   132   590
137   575   133   587
184   572   181   598
24   577   7   587
70   575   66   588
105   578   127   588
287   576   286   614
357   576   355   631
360   576   360   588
444   578   479   583
757   576   758   587
15   579   32   580
188   577   183   587
363   575   361   622
368   577   366   628
371   577   369   622
376   577   375   621
617   579   606   579
641   579   629   579
693   579   668   579
799   578   763   582
40   578   28   581
90   578   88   590
218   578   214   601
257   578   254   606
302   571   301   605
314   578   314   600
347   578   346   600
430   580   419   581
576   578   576   594
88   576   85   588
148   579   141   591
184   580   182   590
326   579   326   591
338   579   338   618
442   581   486   586
565   581   582   584
584   579   584   607
721   579   727   589
55   582   43   582
155   580   155   596
373   580   371   640
431   582   418   582
539   580   539   597
695   581   667   582
711   579   711   593
142   581   131   655
304   581   304   592
64   581   63   592
298   582   295   594
349   582   349   618
365   580   365   594
443   582   443   612
443   584   486   589
567   584   582   586
640   584   629   584
652   582   653   613
790   581   794   632
18   585   64   588
114   584   103   588
179   585   166   586
180   579   179   597
657   582   658   592
799   585   757   588
280   584   280   603
617   586   602   586
643   586   629   586
677   585   667   587
698   586   679   586
10   587   0   588
22   586   9   587
107   586   119   594
195   587   185   589
318   585   318   607
445   587   486   592
25   588   47   589
68   588   80   589
175   586   175   598
180   586   180   599
192   586   192   597
253   585   245   600
431   588   419   588
699   586   699   598
91   589   52   589
557   587   557   628
618   589   607   592
690   589   700   590
98   590   127   594
442   590   485   595
565   590   582   592
236   591   246   592
328   589   328   601
358   589   359   641
464   584   464   624
642   591   630   591
643   588   643   598
774   587   775   600
184   587   182   600
443   592   486   597
677   589   676   599
686   590   690   627
37   593   26   593
132   593   142   595
270   591   265   601
413   591   413   622
493   590   493   605
602   593   591   594
649   589   651   627
690   591   692   655
696   591   696   603
716   591   716   602
763   590   764   600
17   594   44   600
237   594   248   599
430   594   419   594
563   592   563   604
644   594   630   594
781   589   780   622
14   595   0   595
33   595   47   596
101   595   123   597
216   595   231   596
354   582   352   632
442   595   484   600
582   595   569   595
680   590   682   604
26   596   48   597
169   596   154   598
246   589   247   607
312   594   310   630
529   594   529   625
618   596   608   598
799   595   759   599
17   597   0   597
80   597   68   597
127   597   140   598
273   593   269   605
294   593   290   605
295   595   292   607
364   595   362   629
645   597   630   599
90   599   57   598
305   596   305   606
442   598   484   602
631   598   643   600
782   596   786   632
17   599   7   599
45   599   211   614
148   599   162   601
157   599   228   607
221   599   210   600
431   599   419   599
620   599   609   601
668   599   679   600
675   598   667   612
119   600   107   601
539   598   539   610
578   597   578   618
711   597   712   607
168   601   183   602
436   599   436   612
484   601   440   600
505   599   506   640
589   599   590   627
602   599   603   628
644   601   631   601
266   602   277   605
315   594   315   616
461   600   461   630
586   600   586   621
600   599   600   615
671   602   682   604
6   601   5   616
130   603   118   604
313   601   313   613
322   601   322   613
346   601   346   632
469   601   469   628
607   597   607   626
619   603   609   603
618   602   608   606
683   603   670   604
700   599   702   624
150   604   166   607
325   602   325   614
328   602   327   625
442   604   485   607
484   604   471   604
559   601   559   626
167   605   183   608
264   605   276   606
332   601   332   627
575   602   575   618
644   605   631   605
723   603   744   630
764   605   782   607
27   606   5   606
125   603   121   616
128   603   114   638
164   606   151   607
648   604   648   622
728   606   672   606
381   605   381   626
430   607   419   607
429   605   429   624
431   605   431   618
442   607   485   610
580   605   580   622
619   607   608   607
787   608   757   607
762   605   764   628
225   608   243   611
303   606   303   618
319   606   318   641
348   608   338   608
493   606   493   626
644   608   631   608
135   611   77   609
122   607   116   622
184   609   199   610
442   609   486   614
77   607   76   623
292   608   289   620
619   610   608   610
685   610   673   610
749   608   750   635
8   611   70   618
205   611   274   624
268   611   291   612
584   609   584   621
745   609   745   621
33   612   20   612
254   610   251   622
294   609   294   622
484   612   440   611
685   609   685   630
14   613   1   613
55   613   43   613
80   613   97   614
146   613   159   615
230   613   261   620
264   613   293   615
458   611   459   630
539   611   540   626
566   610   566   625
687   613   667   613
24   614   14   617
141   612   137   655
317   612   317   634
668   611   667   624
71   615   59   615
78   615   93   616
163   615   246   625
185   615   195   616
264   615   274   617
484   617   442   615
484   615   472   615
486   613   486   631
644   615   632   615
313   614   313   625
388   609   388   624
723   616   733   617
17   616   17   627
19   615   14   627
101   617   135   620
183   615   182   637
254   615   254   627
619   617   609   617
756   615   757   629
70   617   65   653
74   617   68   628
116   616   99   655
268   615   279   620
401   618   431   622
442   618   485   621
99   617   97   653
120   617   115   631
639   617   639   627
658   617   658   633
675   619   688   624
686   617   690   629
711   619   700   621
10   620   0   620
93   620   80   620
184   620   196   621
255   618   255   630
307   617   307   635
621   620   611   623
642   620   632   620
675   619   698   632
177   621   145   621
156   620   146   622
348   619   348   633
412   621   398   621
484   623   442   621
689   622   668   621
694   619   695   631
734   619   737   629
475   618   475   632
507   622   497   622
735   622   747   624
21   620   10   643
37   621   34   633
104   621   97   633
148   621   145   633
185   623   196   624
222   621   216   636
221   621   220   654
249   620   247   655
287   619   281   643
289   621   286   633
302   619   301   643
412   623   397   623
425   622   397   625
485   624   442   623
523   623   511   623
643   623   632   623
780   614   780   629
28   622   27   634
197   624   218   626
432   622   432   635
620   624   604   625
679   621   667   625
735   622   733   655
745   622   746   634
10   625   0   625
115   623   110   638
250   623   244   635
304   623   304   654
385   623   385   637
443   556   441   628
668   617   667   633
719   624   709   630
717   625   730   629
736   623   708   634
772   624   753   635
131   624   127   636
130   624   129   646
179   623   179   644
196   624   194   655
227   626   246   630
314   624   317   638
413   626   403   627
484   628   442   626
661   624   661   636
698   625   711   633
723   626   690   632
777   626   762   626
92   627   76   627
643   627   632   627
669   625   660   638
739   625   739   636
790   624   798   634
238   628   248   632
264   628   277   631
410   625   411   638
505   625   506   637
623   628   516   628
72   626   64   640
76   629   91   630
120   627   115   639
128   627   123   645
173   627   173   649
179   627   172   639
225   627   225   639
479   628   418   629
616   629   511   629
774   629   759   629
15   628   14   650
163   628   165   642
253   628   251   655
398   628   398   640
644   630   632   630
31   629   25   640
165   629   167   643
390   627   392   655
400   630   412   636
502   632   457   631
692   630   718   634
217   629   217   652
257   632   281   637
262   632   276   638
380   630   376   640
401   630   400   641
400   632   413   634
426   630   416   634
434   632   414   632
444   631   460   633
490   631   511   643
516   632   530   633
590   633   534   632
616   632   580   632
686   632   674   632
730   626   737   654
771   630   758   635
776   631   786   634
72   627   70   643
211   632   211   651
254   631   253   655
365   633   353   633
655   635   513   633
799   633   741   633
36   623   34   640
114   632   108   647
147   624   145   655
214   632   210   644
245   630   244   653
408   633   396   634
468   634   490   636
616   634   601   634
149   633   144   645
463   636   421   635
453   634   443   637
639   635   623   635
654   635   643   635
96   634   94   646
241   634   235   646
285   634   282   651
373   634   363   642
510   634   516   644
526   636   708   644
725   635   668   638
739   635   749   641
773   636   746   636
799   636   741   637
237   635   237   651
337   637   303   640
506   635   434   638
621   637   597   637
620   637   659   640
681   637   667   637
703   637   682   637
71   636   65   647
264   636   264   646
389   637   372   638
16   637   11   649
221   633   209   650
268   637   268   654
501   638   391   641
660   637   658   650
707   639   693   639
786   638   754   639
789   635   791   655
226   631   222   650
286   640   299   644
337   639   317   642
343   640   370   642
354   635   352   647
744   638   751   650
738   636   753   642
109   639   104   651
113   639   108   654
248   639   241   652
282   638   272   651
691   639   691   655
709   639   707   655
749   639   749   655
792   639   797   654
174   640   169   653
276   641   279   655
279   639   279   655
287   638   287   654
290   640   290   653
315   642   295   642
404   641   414   643
451   642   389   643
494   641   452   642
452   642   520   646
714   637   722   647
764   642   750   642
451   643   398   644
649   643   633   643
639   641   640   652
668   643   686   645
70   631   70   648
194   642   197   654
227   640   225   654
226   637   227   655
381   643   329   644
327   644   340   646
662   639   662   655
794   642   794   655
14   645   67   647
322   643   331   653
466   643   397   646
652   644   636   654
693   644   683   650
725   643   731   654
96   644   98   655
95   646   130   649
133   645   122   649
266   646   252   647
281   644   276   655
301   644   301   655
314   642   307   653
326   644   323   654
389   646   344   646
480   645   349   650
681   644   681   655
716   644   716   655
726   643   746   654
181   645   181   655
180   647   190   648
299   645   288   655
380   645   370   648
605   647   541   646
653   645   647   655
704   647   693   647
703   645   701   655
760   645   760   655
60   648   49   648
146   648   172   651
178   647   150   649
176   647   164   652
242   648   263   649
431   647   442   650
516   648   536   649
678   644   666   653
732   644   740   655
71   646   60   655
87   649   71   649
105   649   91   649
195   649   210   652
348   648   323   654
377   649   353   649
641   649   653   651
35   650   19   650
63   650   44   650
212   648   189   653
224   650   242   652
238   650   227   656
293   642   294   653
561   650   540   650
581   649   540   652
607   650   582   650
734   650   749   653
