[ Vx Vy minBig maxBig minSmall maxSmall ]
-0,999863  -0,01170484  -366,8394  -398,8409  71,51834  72,36671  10,03901
1  0  344  359  -81  -81  -4,523779
1  0  281  299  -88  -88  -10,41019
1  0  292  304  -102  -102  9,563855
1  0  336  358  -130  -130  -5,087777
-0,9993814  -0,02486466  -12,3588  -24,35138  174,4282  175,5047  -47,27202
1  0  56  68  -178  -179  -70,00478
1  0  112  122  -181,1818  -182  -130,7114
0,9997947  -0,01432659  3,083307  16,0878  -202,4411  -203,9052  35,88977
1  0  55  67  -205,25  -206,75  44,39557
-0,9985563  -0,05159496  -120,6503  -159,6714  202,491  203,4397  25,24256
-0,998767  -0,04461926  -153,3092  -179,3887  229,351  230,4818  14,81549
-0,9987654  -0,03511508  -61,2744  -72,27837  234,8196  235,6519  -75,56771
-0,9996269  -0,0193115  -81,57707  -92,58262  236,4013  237,3176  88,9579
1  0  109  120  -239,25  -240,75  -319,1667
1  0  132  143  -240,25  -241,75  -5,761975
-0,9994084  -0,03426238  -60,58042  -95,57685  277,8828  279,1185  32,22308
0,9969705  -0,005927049  -0,7455817  23,17875  -294,1085  -296,5864  -20,28456
-0,9996239  -0,02265162  -41,66906  -162,7368  293,9013  296,3104  -21,14746
-0,9999732  -0,006135234  -42,85788  -152,8672  302,4735  303,7399  -21,29118
1  0  63  75  -322  -322  -281,7917
-0,9828686  -0,1297609  -48,45879  -64,44421  320,0252  322,0284  28,23981
1  0  3  23  -332,25  -333,75  21,30368
0,9998985  -0,01337867  44,37939  103,3868  -345,2619  -346,3323  46,52814
-0,9997803  -0,01822641  -118,2544  -155,2645  341,7761  343,1311  47,80252
0,9990811  -0,04285686  17,96977  80,9976  -350,6162  -351,4904  -36,03846
0,9995272  -0,03067313  65,1978  155,2166  -352,6124  -353,502  -10,70166
0,99647  -0,05930851  -19,76151  1,223671  -348,1774  -349,3568  -11,87383
1  0  38  56  -348  -348  30,14744
0,999163  -0,04074392  73,70671  103,7223  -352,2599  -352,6467  17,85567
0,9988973  -0,04689834  -15,50932  64,49626  -353,21  -353,7266  23,42754
0,9999121  -0,01299755  64,36031  181,3695  -357,1005  -357,8547  -11,67857
0,9982926  -0,05771233  87,28719  144,363  -378,0782  -378,9044  -12,9375
0,9980106  -0,06281877  40,44128  82,48336  -376,4835  -376,8316  -3,323171
-0,9999743  -0,005071817  -2,889226  -51,8905  372,2411  372,8611  -13,43382
0,9986122  -0,05227438  20,18477  80,25832  -379,3011  -380,0214  -6,086539
0,9994802  -0,03222009  59,71894  182,7517  -382,0234  -383,1107  -12,97674
1  0  195  210  -378  -378  2,316327
0,9999489  -0,007149857  21,26753  74,26482  -382,0638  -382,3415  -6,425926
0,9995899  -0,02861695  164,6814  231,7111  -396,8076  -397,9595  -36,76
0,9948206  -0,1016404  42,42215  80,6319  -400,6686  -401,2808  12,15414
0,9950734  -0,09914146  205,9246  232,0939  -414,2354  -414,2354  -4,193514
0,9947007  -0,1028137  334,7076  349,8337  -127,1111  -127,1111  7,600594
0,9965813  -0,08261888  -10,83346  1,208139  -203,0674  -204,064  43,49472
0,9951892  -0,09797093  195,0728  216,1677  -222,9472  -222,9472  -29,65928
0,9950044  -0,0998299  361,8162  375,8461  -240,4887  -240,4887  1,700113
0,9922345  -0,1243805  164,1347  217,4694  -250,4214  -250,5868  -19,78124
0,9879488  -0,1545066  5,826576  19,13343  -285,1346  -286,494  27,23808
0,9960031  -0,08931953  222,2807  236,3141  -309,3827  -309,3827  1,803519
0,9968842  -0,07887872  60,98593  79,00873  -345,0703  -345,0703  5,419996
0,9883897  -0,1515315  166,8342  208,5705  -362,8492  -363,8592  6,184112
0,9955748  -0,09397189  35,1467  50,17429  -362,1113  -362,1113  -2,805475
0,9989169  -0,04536673  119,6568  159,7042  -362,0825  -362,7403  13,65674
0,9983642  -0,0558399  18,82708  66,91608  -379,4069  -380,3646  -7,098754
0,9965715  -0,08262496  177,2165  241,3689  -392,7377  -393,6116  -11,13098
0,9624269  -0,268197  247,9659  271,0166  -415,4985  -416,96  11,23736
0,9796879  -0,2005282  26,01902  49,55448  -406,3307  -406,3307  4,349245
0,9820812  -0,1884585  271,687  286,9836  -409,1122  -409,1122  0,09692336
0,9757829  -0,216967  213,593  231,4286  -446,3205  -447,0852  0,8198423
0,9798152  -0,1999051  347,9189  364,1956  -150,8064  -150,8064  1,11326
0,9806448  -0,1957951  260,1017  277,3601  -158,1778  -158,1778  -10,92471
0,9643123  -0,2645108  8,497292  22,17678  -187,474  -187,5274  -27,49267
0,9810957  -0,1935228  110,9756  139,4139  -212,6653  -212,6653  -12,63482
0,9817773  -0,1900353  51,27018  62,44981  -297,9947  -297,9947  5,257467
0,9885545  -0,1508642  -51,04372  -41,99587  -354,5397  -354,5397  -7,584311
0,980429  -0,1968731  166,4249  187,9983  -354,3227  -354,3227  -8,247802
0,9565809  -0,2914671  263,029  277,587  -176,3833  -176,3833  67,56656
0,9570065  -0,2900665  153,9827  178,0243  -181,7724  -181,7724  -5,196003
0,9584749  -0,2851768  244,4655  259,0248  -181,449  -181,449  38,1964
0,9536361  -0,3009622  256,0595  270,6143  -268,9673  -268,9673  0,2174964
0,9561822  -0,2927723  19,70923  31,10555  -325,4266  -325,4266  -7,101349
0,9428524  -0,3332108  192,7678  201,3102  -378,6461  -378,6461  -1,639196
0,9221649  -0,3867969  -116,6718  -102,7496  -381,9777  -381,9777  3,244547
0,9176787  -0,3969151  86,02518  121,2081  -384,2463  -385,4206  4,630788
0,9119086  -0,4093362  154,914  179,3206  -415,2228  -416,3466  5,366358
0,8944852  -0,4465326  156,3298  188,9678  -457,813  -459,0955  15,50116
0,9194884  -0,3931172  208,2174  218,0653  -110,5185  -110,5185  -10,25002
0,9399333  -0,3412502  171,6244  194,093  -482,3596  -482,7571  -0,3752264
0,9422802  -0,3348245  226,8885  252,5166  -123,1353  -123,1885  6,359796
0,9274312  -0,3738656  220,5117  241,1238  -169,7394  -170,3303  16,39318
0,9281918  -0,3721019  291,963  303,6615  -177,722  -177,722  5,665871
0,9226758  -0,3855767  219,8605  237,3224  -207,6726  -207,6726  4,174513
0,9261357  -0,375948  300,5641  331,1952  -241,8039  -242,8551  10,82362
0,9266769  -0,3758589  38,70572  56,16356  -252,7882  -252,7882  -5,36362
0,9324764  -0,3605427  -31,00333  -12,62743  -320,597  -321,0707  -2,457054
0,8982688  -0,4360962  -113,7734  -86,08354  -352,1679  -353,6835  -6,206511
0,8939489  -0,448169  -116,2143  -100,5619  -361,0244  -361,0244  5,766135
0,8847395  -0,4660856  -75,26439  -59,14935  -363,7594  -363,7594  -2,960317
0,895764  -0,4444743  -16,75667  2,02713  -371,3367  -371,5429  5,543767
0,8812268  -0,4726921  -21,52205  3,064545  -390,1876  -390,6461  3,514271
0,8780796  -0,4785138  18,1156  34,11839  -413,0845  -413,6307  51,69045
0,8780023  -0,4786563  171,1273  196,1872  -436,3044  -436,3044  -5,377098
0,8868582  -0,4620417  27,40303  45,75113  -449,409  -449,409  16,52471
0,881335  -0,472492  189,2227  231,2819  -142,2421  -142,2421  -2,707427
0,8804298  -0,4741765  91,21223  112,6822  -208,4604  -208,4604  -11,24152
0,8789067  -0,4769938  289,1162  318,6457  -211,8293  -211,8293  5,460639
0,8804845  -0,474075  294,829  324,3587  -237,272  -237,272  2,30531
0,8804405  -0,4741567  178,5134  204,4534  -295,1819  -295,1819  3,056992
0,8437712  -0,5366079  23,53523  44,8941  -370,6624  -370,8925  -4,545095
0,8321263  -0,5544096  15,36961  40,88319  -411,9613  -413,1037  -5,080493
0,8314772  -0,5555588  81,94405  116,6125  -415,6524  -416,3721  4,690629
0,8106314  -0,5853829  56,56686  95,90346  -467,2267  -469,0848  -44,9428
0,8309615  -0,55633  274,6111  296,2443  -265,4442  -265,4442  4,488589
0,8340507  -0,5516877  -11,5675  2,854599  -329,236  -329,236  1,819356
0,7737619  -0,6334766  -104,5259  -81,09601  -362,6796  -362,6796  2,622473
0,7471982  -0,6646012  164,0303  193,096  -213,1779  -213,1779  2,536914
0,7620908  -0,6474668  -129,9208  -118,206  -278,1119  -278,2396  -10,08919
0,7674026  -0,6411655  244,3029  266,3251  -294,4482  -294,4482  4,021042
0,7728067  -0,6346415  170,9772  186,5973  -308,5117  -308,5117  52,71906
0,7071623  -0,7070512  210,0351  191,6503  -310,4041  -310,4041  -8,960052
0,7021405  -0,7120385  17,53125  -12,87854  -425,3418  -425,3418  42,64791
0,7071068  -0,7071068  140,0071  113,1371  -189,5046  -189,5046  -4,045462
0,7071068  -0,7071068  66,82159  21,92031  -209,6626  -209,6626  -6,849565
0,7173995  -0,6964353  -11,50147  -33,40543  -225,1974  -226,2276  -5,115362
0,7071068  -0,7071068  30,40559  3,535538  -276,4788  -276,4788  -7,859423
0,6319015  -0,7750487  59,05145  24,2233  -355,7334  -355,7334  -62,70481
0,6485838  -0,7611433  -18,58757  -30,62653  -499,1961  -499,1961  0,9739113
0,6495579  -0,7603121  9,761322  -0,8680801  -200,8174  -200,8174  -10,9563
0,6697776  -0,7425531  54,939  13,16608  -211,6581  -212,0955  -6,006072
0,6357794  -0,7718708  52,05898  20,04662  -233,3903  -233,3903  -12,05108
0,5638933  -0,8258295  -127,283  -160,2943  -426,5646  -427,6086  8,484156
0,6169375  -0,7862729  -48,82254  -69,73155  -442,3835  -442,7746  -22,33767
0,5527332  -0,8333583  -21,64351  -39,67122  -473,9202  -473,9202  1,747097
0,5537728  -0,8326679  -61,5899  -89,04787  -514,4009  -514,4009  2,982872
0,5638044  -0,8259077  113,0135  84,9968  -212,9692  -213,3299  -3,699263
0,5559428  -0,8312205  117,6977  92,45892  -253,6057  -253,6057  -4,13755
0,5785787  -0,8156205  -2,29184  -32,5182  -275,2766  -275,5168  -6,99669
0,5431931  -0,8395883  -127,5313  -152,7674  -297,7929  -298,0709  9,573975
0,5728272  -0,819523  -181,2488  -212,0478  -321,0626  -321,9724  4,383324
0,5563034  -0,8309793  148,1852  125,1647  -329,215  -329,215  5,182132
0,471016  -0,8821246  -98,52975  -126,7061  -363,2764  -363,2764  -22,14985
0,5244015  -0,8514661  -51,41295  -85,54469  -402,3716  -402,4774  -6,316044
0,4577989  -0,8889728  -159,3058  -210,4991  -405,0417  -406,3009  75,4939
0,4075553  -0,9131704  -152,0614  -178,9663  -415,4649  -416,5643  13,42239
0,4661853  -0,8846871  -120,3535  -150,7667  -460,4609  -460,4609  -3,792028
0,4489921  -0,8935357  -176,1816  -187,362  -460,3012  -460,3012  0,8562708
0,4456599  -0,8952016  -14,71917  -51,83704  -234,9782  -235,1647  -15,09329
0,4774  -0,8786861  81,00622  51,47678  -289,6915  -289,6915  -12,98242
0,4720297  -0,8815827  -104,5194  -129,5786  -293,7674  -293,7674  5,299075
0,463571  -0,8860416  -194,5162  -250,9123  -293,5689  -294,1336  8,928902
0,3892853  -0,9211172  -179,4083  -202,2553  -451,3116  -451,3116  -1,172732
0,3778192  -0,9258794  -69,79477  -86,87576  -191,7595  -191,7595  6,9933
0,3867969  -0,9221649  75,40234  61,48022  -267,6798  -267,6798  6,270648
0,249265  -0,9683664  -108,3637  -126,7914  -180,8929  -181,4988  -5,850273
0,2486304  -0,9685932  -35,40641  -63,29884  -231,8266  -232,2197  -8,762944
0,2958727  -0,9552274  -198,3312  -215,0942  -251,9126  -251,9126  7,329849
0,2906756  -0,9568216  -245,5891  -277,8666  -275,7115  -275,7115  7,261231
0,2873175  -0,9578354  -287,9319  -304,6938  -292,8488  -292,8488  2,402906
0,269462  -0,9630057  -249,9978  -304,8096  -301,0903  -302,297  17,50511
0  -1  -179  -183  -70  -70  -140,2208
0,1957951  -0,9806449  -223,6154  -240,8738  -131,5179  -131,5179  5,895981
0,1377639  -0,9904211  -307,4217  -324,5344  -148,8074  -149,3332  4,913553
0,1559992  -0,9877378  -277,5481  -295,6394  -197,8722  -198,6  -12,62872
0,1999567  -0,9798048  -11,65844  -30,09476  -227,5681  -227,5681  -10,22686
0,1473912  -0,9890782  -289,3618  -327,8311  -255,6984  -255,6984  78,53688
0,1899209  -0,9817994  18,65714  0,4149818  -275,6294  -275,6294  2,626895
0,2094166  -0,9777108  -259,533  -321,6863  -282,8494  -284,0581  38,02658
0,1764245  -0,9843142  57,22614  43,09289  -364,874  -364,874  -4,390063
0,1844389  -0,9828441  -29,42804  -42,57389  -380,2323  -380,2323  -49,00494
0,1038046  -0,9945977  -202,8812  -217,0132  -416,24  -416,24  4,48664
0,1047062  -0,9945031  -173,2528  -200,4185  -25,34494  -26,79613  -31,29605
0,06601872  -0,997815  -295,8889  -324,9576  -26,24426  -27,46836  -38,1511
0,04925092  -0,9987818  -293,3355  -330,3643  -37,46793  -38,96696  23,69416
0,1011806  -0,9948678  -172,4152  -198,5853  -73,20915  -74,12633  -43,14256
0,04680981  -0,9988557  -234,2947  -276,2935  -63,06475  -64,20355  -41,15815
0,08504182  -0,9963219  -172,5771  -198,6516  -93,89463  -95,02194  -32,20224
0,04814328  -0,9988206  -234,987  -276,1312  -87,00276  -89,24239  -35,27255
0,05564185  -0,9983891  -299,671  -338,7473  -85,69093  -86,46467  40,60428
0,02157773  -0,9995341  -302,0351  -346,0469  -89,02963  -90,89856  31,93508
0,07923417  -0,9967239  -172,5691  -197,6457  -124,5515  -125,7799  -31,44566
0,06968918  -0,997542  -232,7767  -272,9222  -125,4626  -127,4078  -50,19196
0,06768359  -0,9975713  -299,9422  -331,0022  -128,1534  -128,6981  -12,35325
0,03366075  -0,9994333  -301,1245  -341,1354  -119,6889  -120,8958  29,45286
0,07121555  -0,9972056  -225,869  -268,0365  -161,0371  -162,3951  25,58993
0,09110102  -0,9958417  -171,8284  -195,0061  -173,8498  -173,8498  11,09362
0,1022228  -0,9947615  -285,1868  -308,2707  -179,3544  -179,3544  3,778467
0,08811896  -0,99611  -174,7213  -190,7471  -181,2783  -181,2783  11,81518
0,1011917  -0,9948669  -229,5244  -242,66  -193,7437  -193,7437  10,69669
0,1009736  -0,9948796  -301,1366  -346,411  -240,5744  -241,5166  -21,47656
0,1112558  -0,9937187  -307,2109  -336,3625  -249,131  -249,7273  -21,7867
0,08641094  -0,9959501  -292,5082  -306,5379  -258,7494  -259,9652  8,037398
0,1024018  -0,9947431  3,452864  -20,62577  -297,5796  -297,5796  2,990599
0,0900505  -0,9956014  -272,7408  -299,9823  -300,8218  -301,7296  7,516067
0,08075997  -0,9966878  -273,242  -302,3074  -304,725  -305,4586  5,867398
0,08247092  -0,9965934  -175,6565  -192,681  -314,7054  -314,7054  81,07777
0,07611413  -0,9970697  -227,8184  -259,8769  -326,1968  -326,8918  -3,497884
0,1640017  -0,9862859  -293,7149  -324,1235  -397,1727  -398,2531  -66,77805
0,03937084  -0,9989486  -299,409  -325,4604  -17,99277  -19,15874  -42,08644
0,009092927  -0,9999269  -175,7871  -202,776  -22,19601  -23,73879  24,80205
0,02099691  -0,9996865  -294,3616  -331,371  -31,14882  -32,40499  25,99081
0,04648758  -0,9987128  -293,0164  -348,0619  -47,32971  -48,48066  -23,71805
0  -1  -334  -349  -34  -34  5,015687
0,05749899  -0,9981294  -295,2576  -347,2753  -55,75773  -57,60427  -30,79079
0  -1  -304  -318  -44  -44  -14,05115
0  -1  -304  -315  -48  -48  -7,979769
0,03760053  -0,9992595  -235,8685  -277,9126  -60,54954  -61,85127  -41,52623
0,03919956  -0,9991657  -296,673  -342,713  -63,48383  -64,75978  37,70982
0,03346265  -0,9994398  -301,9893  -342,0338  -64,49461  -66,17688  -36,67394
0,02574767  -0,9996681  -302,3414  -344,3532  -67,58662  -68,59808  43,94903
0,0295052  -0,9991287  -236,8739  -276,8095  -70,51973  -72,89613  28,57727
0,00520805  -0,9999728  -303,6636  -342,6652  -63,75812  -64,68309  -36,4227
0,03540841  -0,9993721  -301,3836  -340,3946  -79,00577  -80,04294  30,70271
0,003970116  -0,9999843  -178,7252  -204,7268  -68,76119  -69,72414  32,34766
0,02237372  -0,9996364  -302,2786  -341,2979  -77,36855  -78,5808  -25,35325
0,03817211  -0,9992701  -300,8389  -339,8676  -87,91848  -88,86778  36,53307
0,005473611  -0,9999701  -304,5585  -342,5601  -79,84804  -80,77109  -71,07761
0,04658626  -0,9983227  -234,5461  -275,3842  -98,46789  -100,4986  32,77676
0,03439203  -0,9990177  -301,6739  -341,669  -97,96884  -99,2181  -39,07922
0,02962318  -0,9995288  -178,2042  -203,2072  -96,12204  -97,60236  21,41432
-0,004039734  -0,9999918  -306,4176  -343,4214  -102,7146  -103,6619  18,95054
0,05940977  -0,9976025  -234,0059  -283,0073  -122,6432  -124,4929  -40,77837
0,01019925  -0,9998959  -300,8773  -340,8731  -110,273  -110,5901  -12,76705
0,02642125  -0,9995894  -297,9965  -342,0049  -117,2012  -118,4727  45,68135
0,02012989  -0,9997454  -301,6681  -341,678  -118,2436  -119,3288  -46,75119
0,02846989  -0,9993502  -237,3701  -277,3726  -126,3548  -128,6631  33,72554
0,008854759  -0,9999216  -181,8921  -205,8946  -124,0271  -125,487  39,71902
0,01892093  -0,9996419  -302,5162  -340,5121  -130,7587  -131,9764  42,16662
0,02115061  -0,9995525  -302,1351  -340,1392  -134,4302  -135,6734  -50,01975
0,0219004  -0,999651  -239,0356  -278,0439  -136,35  -137,5373  -59,66057
0,05170678  -0,9984829  -176,818  -214,8379  -142,6035  -143,5763  -51,75372
0,01846813  -0,9997998  -301,3167  -340,3365  -146,1963  -147,5461  44,10842
0,01136251  -0,9986957  -240,0425  -276,0125  -145,7402  -147,0299  35,33056
0,006202134  -0,9999615  -302,089  -344,0936  -145,3237  -146,7772  -28,59753
0,03459907  -0,999079  -296,5666  -320,5791  -158,7677  -159,2473  16,99018
0,05040633  -0,9966322  -283,9986  -325,9328  -171,3563  -173,15  10,20099
0,01695644  -0,9997123  -182,31  -218,3082  -158,3976  -159,1001  -48,66092
0  -1  -191  -206  -164  -164  -38,66667
-0,01379525  -0,9998096  -297,3718  -334,3647  -171,7403  -172,9375  -16,37376
0  -1  -352  -365  -191  -191  -6,047863
0  -1  -322  -346  -199  -199  -7,189949
0,02715058  -0,9995993  -327,3821  -366,3936  -210,64  -211,1148  100,96
0  -1  -153  -173  -217  -217  9,769327
0  -1  -68  -81  -220  -220  -11,4025
0  -1  -119  -139  -220  -220  9,290032
0  -1  -82  -98  -247  -247  23,91822
-0,0120946  -0,9998426  -307,1209  -328,1176  -257,4539  -258,7147  -4,142025
0  -1  -25  -45  -271  -271  6,072942
0,02855205  -0,9994266  -289,806  -317,8042  -289,1266  -290,1953  -60,65879
0  -1  -152  -169  -294  -294  -25,64506
-0,01141593  -0,9998214  -326,4013  -386,402  -298,3067  -299,7841  -11,88039
0  -1  -253  -278  -307  -307  -5,738676
0,01563721  -0,9997554  -316,0896  -336,0847  -313,3386  -314,1003  -4,188635
0,00910447  -0,999958  -356,9258  -380,9248  -339,4472  -340,4087  16,10417
0  -1  -144  -157  -382  -382  19,09294
-0,1070325  -0,9942555  -306,9631  -324,0795  -11,0729  -11,0729  -4,294278
-0,09631958  -0,9953505  -306,9209  -320,9521  -15,43259  -15,43259  42,41662
-0,06982312  -0,9970622  -327,9358  -346,9847  -46,65791  -47,35584  224,9365
-0,09368151  -0,9956023  -322,6889  -344,7795  -119,9612  -119,9612  -3,064018
-0,1053183  -0,9944386  -153,966  -166,999  -124,2185  -124,2185  108,4722
-0,1148578  -0,9933819  -179,4542  -195,578  -124,2264  -124,2264  57,35713
-0,1053124  -0,9944392  -197,206  -219,2943  -133,856  -133,856  -14,61031
-0,1032381  -0,9946567  -166,608  -184,7183  -142,3652  -142,3652  -14,94132
-0,1141443  -0,9931993  -336,1091  -360,1742  -156,9099  -157,5058  208,1493
-0,09550064  -0,9952565  -321,6151  -375,8842  -242,7597  -244,033  -42,99442
-0,06915273  -0,9972772  -325,3703  -347,3795  -298,7765  -299,3401  4,039267
-0,1234012  -0,9922589  -400,5371  -421,7448  -287,358  -288,1022  -5,380738
-0,1032394  -0,9941565  -328,4426  -356,5887  -297,9686  -299,2742  11,75287
-0,07889886  -0,9968725  -281,5015  -304,5085  -324,1405  -325,0128  6,652871
-0,08248032  -0,9965926  -411,4567  -428,4813  -352,005  -352,005  -4,778723
-0,1900352  -0,9817773  -329,2763  -340,4559  -1,634396  -1,634396  -85,33397
-0,185818  -0,9825842  -280,8755  -303,2356  -91,10766  -91,10766  -15,82891
-0,2466431  -0,9691064  -271,7319  -298,4085  -77,81512  -77,85101  -7,88328
-0,1514415  -0,9883296  -159,4922  -200,0098  -116,9159  -117,2304  -10,89964
-0,2508747  -0,9678885  -162,9906  -190,3779  -113,4372  -114,0089  -11,43333
-0,2197183  -0,9754666  -360,9002  -386,4954  -136,742  -137,4447  -17,81171
-0,2285643  -0,9733101  -368,065  -420,5609  -215,8846  -217,3804  54,679
-0,1989278  -0,9800141  -238,1521  -260,707  -228,5538  -228,5538  30,3863
-0,1963218  -0,9805395  -414,0546  -438,5692  -254,4693  -254,4693  1,879228
-0,2037364  -0,9783624  -318,1715  -341,2851  66,07597  64,84673  18,65339
-0,1930165  -0,9811955  -312,6633  -328,9415  16,99457  16,99457  -32,20415
-0,1900352  -0,9817773  -307,9936  -319,1733  14,08963  14,08963  8,440717
-0,2897841  -0,957092  -289,3606  -297,5969  -37,56641  -37,56641  -3,331151
-0,2771159  -0,9608365  -293,6769  -305,0774  -54,83941  -54,83941  72,81021
-0,2585806  -0,9657377  -390,4157  -412,6013  -85,29786  -85,94453  -14,52303
-0,2930183  -0,9560971  -336,4111  -373,0977  -83,66127  -84,10442  23,59493
-0,2899507  -0,9570416  -322,0464  -348,2921  -114,9308  -114,9308  59,44784
-0,2997818  -0,9540077  -112,97  -132,8948  -216,0376  -216,0376  -11,45093
-0,2906955  -0,9568155  -110,7288  -119,2554  -247,8253  -247,8253  11,51641
-0,294765  -0,9555698  -153,6317  -168,4835  -271,0377  -271,0377  5,942318
-0,3737745  -0,9275196  -336,1356  -346,9059  -9,741493  -9,741493  -1,902555
-0,3996962  -0,916535  -230,4988  -255,3762  -52,83607  -53,33658  20,86846
-0,4076235  -0,9131339  -232,6008  -259,913  -54,60541  -55,08502  214,3918
-0,3840142  -0,9233271  -219,2663  -234,4969  -63,45535  -63,45535  11,24426
-0,3645083  -0,9310433  -178,7113  -200,066  -113,0357  -113,5856  19,12303
-0,4071399  -0,9133149  -178,4374  -210,2164  -134,7165  -135,181  -15,69655
-0,3874949  -0,9218718  -171,5173  -188,9798  -165,348  -165,348  -8,187218
-0,4002017  -0,9163935  -241,384  -264,6302  -197,0281  -198,1946  29,49169
-0,3923836  -0,9197738  -201,1339  -230,4802  -211,3263  -211,9551  9,866905
-0,3879144  -0,9216297  -194,8132  -210,0435  -217,8584  -218,5375  -30,04096
-0,3819569  -0,9241802  -158,6406  -190,9495  -232,0204  -232,0204  -7,927796
-0,4447536  -0,8955113  -296,4327  -324,1575  -11,36147  -12,14732  7,691122
-0,4719397  -0,8816308  -234,1156  -259,1748  -36,93672  -36,93672  48,54345
-0,4771192  -0,8788386  -225,5402  -240,3049  -39,93036  -39,93036  5,260344
-0,4787347  -0,8779597  -243,0902  -262,8028  -53,47464  -53,47464  16,17854
-0,5459465  -0,8371106  -217,3402  -227,8769  -52,80697  -53,06174  25,61005
-0,4715751  -0,8818259  -219,4963  -242,3201  -75,80877  -75,80877  44,58352
-0,4704515  -0,8824259  -176,6901  -216,0431  -101,6089  -101,6089  -6,684043
-0,4856432  -0,8741317  -404,4359  -431,9712  -107,357  -108,4625  -29,59194
-0,4832619  -0,8754449  -189,2674  -216,5605  -118,6631  -118,8852  -11,93333
-0,4685703  -0,8834262  -145,4899  -170,0796  -171,5862  -171,5862  10,94794
-0,4642508  -0,8856735  -206,7868  -251,4988  -193,528  -194,3271  10,69409
-0,4436034  -0,8961992  -151,5565  -201,6448  -233,9231  -234,6468  7,12013
-0,4696961  -0,8828282  -209,0563  -231,4098  -235,0631  -235,0631  9,873922
-0,4919215  -0,8706239  -198,3889  -221,4584  -269,7373  -270,1813  4,190794
-0,5348331  -0,8448795  -238,7833  -259,0294  -14,59668  -14,83732  61,26464
-0,5220536  -0,8527423  -194,5412  -214,2583  -85,71972  -85,98511  33,05026
-0,5329298  -0,8460163  -195,8039  -214,403  -87,27576  -87,57919  -14,15334
-0,5530244  -0,833165  -484,0385  -504,2856  -107,2201  -107,2201  -3,924134
-0,5445668  -0,8387076  -179,1581  -208,8388  -115,7167  -116,0681  4,595947
-0,5558942  -0,831253  -299,7014  -326,3274  -113,8068  -113,8068  -6,292491
-0,556899  -0,8305802  -194,4855  -213,9007  -128,4447  -128,4447  -12,91834
-0,557839  -0,8299491  -468,3922  -482,8143  -132,4199  -132,4199  0,5261713
-0,5558942  -0,831253  -189,358  -215,984  -142,834  -142,834  19,20331
-0,5677654  -0,8231831  -232,8331  -270,2748  -164,5951  -164,9087  14,57642
-0,5552199  -0,8316777  -231,1396  -264,9758  -175,6481  -175,9404  -9,241926
-0,525932  -0,8505051  -186,0596  -216,0617  -215,5829  -215,6812  13,13892
-0,5536458  -0,8327522  -197,7475  -222,9863  -221,592  -221,592  -5,322297
-0,5523086  -0,8336399  -240,0643  -256,7061  -235,3522  -235,3522  -27,4311
-0,574632  -0,8182479  -223,5078  -271,7527  -247,8687  -248,5316  6,64981
-0,6303534  -0,7763083  -300,4756  -327,4941  -84,33922  -84,33922  -22,52147
-0,635473  -0,7721232  -433,7995  -467,8552  -83,60789  -83,60789  2,797078
-0,6364601  -0,7712717  -221,4972  -232,8939  -186,0088  -186,154  9,750885
-0,6327264  -0,7743754  -261,8066  -285,2363  -216,2407  -216,2407  11,03582
-0,6221417  -0,7829032  -220,2237  -270,0433  -233,722  -233,8362  4,972484
-0,6394724  -0,7687944  -327,0622  -346,9073  66,82668  66,65923  6,467811
-0,6425194  -0,7662646  -328,9939  -364,461  19,71529  19,54358  -24,17158
-0,6337641  -0,7735264  -266,3032  -291,9139  12,93158  12,93158  7,864028
-0,7071068  -0,7071068  -417,193  -446,8915  22,62741  22,62741  32,22198
-0,7357926  -0,6772068  -237,7751  -281,6367  51,69345  51,75768  15,26341
-0,7071068  -0,7071068  -279,3072  -292,0351  -242,5376  -242,5376  -5,982773
-0,7064393  -0,7077736  -325,3157  -366,3278  49,49922  49,49922  -17,30755
-0,7071068  -0,7071068  -286,3782  -313,2483  -231,2239  -231,2239  6,713465
-0,7259581  -0,687541  -283,8901  -329,1797  93,51405  94,7643  10,29858
-0,7070742  -0,7071394  -283,5433  -308,9991  -142,1422  -142,1422  -8,496922
-0,7071068  -0,7071068  -205,7681  -239,7092  -16,26346  -16,26346  -17,94069
-0,7774521  -0,6289407  -449,0584  -484,9783  66,94475  67,13467  3,024077
-0,7724476  -0,6350784  -477,4081  -502,2459  65,99944  65,99944  -3,741374
-0,7534382  -0,6575173  -277,559  -327,3262  106,7977  107,8525  18,16072
-0,7759636  -0,6307777  -265,9036  -286,5191  151,245  151,245  4,3176
-0,7728067  -0,6346415  -367,0086  -382,6287  -148,5877  -148,5877  -19,80878
-0,7765341  -0,6300752  -222,5007  -233,9  -143,3078  -143,3078  6,402892
-0,7693997  -0,6387676  -284,5494  -306,572  -97,51086  -97,51086  -7,312877
-0,7769074  -0,6296148  -221,9993  -242,6148  -62,74392  -62,74392  -7,991048
-0,8420026  -0,5394362  -405,2992  -444,4135  13,68642  13,9444  13,55554
-0,8401718  -0,5422838  -212,4629  -247,9714  36,74115  37,41739  12,68375
-0,8340793  -0,5516295  -399,8083  -417,8358  35,25204  35,9455  -3,736548
-0,8079195  -0,5892928  -437,2708  -495,279  27,36331  27,41812  -13,27276
-0,8327522  -0,5536458  -261,4665  -287,538  58,86859  58,86859  612,9652
-0,8216891  -0,5698287  -453,0524  -472,7525  64,81129  65,8817  -1,550629
-0,8415761  -0,5399864  -433,1299  -462,8091  116,5488  117,3298  7,293723
-0,8044277  -0,5939752  -274,8125  -331,0339  130,3533  131,3018  9,971236
-0,8365361  -0,5479117  -315,746  -325,1778  -184,0545  -184,0545  1,447388
-0,8349716  -0,5502502  -242,4617  -267,6996  -116,8724  -115,8639  4,033123
-0,8298692  -0,5579579  -211,4578  -227,2677  -112,0581  -112,0581  -5,232293
-0,8336398  -0,5523085  -373,4742  -390,1159  -55,76086  -55,76086  -18,31422
-0,8325918  -0,5538871  -298,4703  -328,1473  -42,6832  -42,6832  14,14848
-0,872731  -0,4881414  -327,5857  -356,2379  94,15505  94,59678  4,726811
-0,8937898  -0,4484861  -227,554  -240,9705  259,2917  259,2917  2,926394
-0,8828282  -0,4696961  -324,4948  -346,8484  -82,26575  -82,26575  16,50945
-0,8804614  -0,4741178  -402,0359  -426,215  -35,67987  -35,67987  -48,33307
-0,8808932  -0,4733151  -427,1674  -449,9917  -3,566544  -3,566544  2,083204
-0,9416793  -0,335642  -242,8956  -281,9333  215,8872  217,1965  14,87119
-0,921831  -0,387592  -372,3688  -388,5218  232,6775  232,6775  -0,4403482
-0,917935  -0,3965394  -369,2735  -396,1873  -68,93186  -68,60849  31,29325
-0,9587252  -0,2843343  -315,6281  -331,1463  23,05913  23,05913  12,6651
-0,9578366  -0,2873137  -202,7699  -233,133  53,31083  53,31083  -11,64809
-0,9590263  -0,2833169  -200,1476  -221,028  123,0731  123,0731  -6,404746
-0,949816  -0,3128092  -194,2962  -204,7328  138,9396  138,9396  -17,75257
-0,9593915  -0,2820777  -259,5704  -282,3695  244,4522  244,4522  -10,00307
-0,9624056  -0,2714705  -325,4491  -360,6141  269,0674  269,659  3,838054
-0,7071068  -0,7071068  -246,7803  -248,1945  170,4127  170,4127  43,33683
-0,9612376  -0,2756478  -174,3299  -198,0923  306,344  306,978  -18,69406
-0,9555522  -0,2947887  -176,6112  -195,2851  317,1821  317,7519  1,869339
-0,9815539  -0,1911859  -390,3884  -408,6299  16,34032  16,34032  5,198607
-0,9791301  -0,2032345  -304,3633  -322,8006  24,78663  24,78663  5,095222
-0,9818366  -0,1897283  -384,7188  -396,8803  40,43027  40,43027  -2,8848
-0,9868264  -0,1617695  -372,9711  -412,4279  80,43933  80,70896  13,61289
-0,9798408  -0,19978  -371,8749  -388,1517  166,86  166,86  4,476167
-0,9764481  -0,2149599  -220,093  -251,8677  247,2553  247,909  11,49358
-0,9883  -0,1496423  -287,1692  -322,5079  327,1331  328,3806  2,255573
-0,9819995  -0,1888835  -377,7067  -395,9493  322,1461  322,1461  -1,43188
-0,9725909  -0,2319718  -319,3492  -354,2731  317,3683  318,3519  8,718465
-0,9812142  -0,1929212  -170,2573  -187,5167  352,4495  352,4495  -2,755321
-0,9861506  -0,1658522  -75,01454  -83,0696  367,4253  367,4253  -15,14218
-0,9838483  -0,1790042  -69,36346  -75,44556  375,8168  375,8168  -8,913446
-0,9811955  -0,1930165  -236,5483  -252,8265  -10,17488  -10,17488  9,540995
-0,9810954  -0,1935248  -371,2595  -404,7968  -4,276863  -4,276863  6,02364
-0,9977694  -0,06595635  -290,1025  -318,1719  67,7043  68,11717  29,69049
-0,9964417  -0,08428483  -347,7937  -367,8911  65,64738  65,64738  -9,924445
-0,9954652  -0,09512646  -378,7351  -405,8029  62,93041  62,93041  -8,564019
-0,997373  -0,07242417  -12,29554  -155,6803  154,4835  155,8928  -6,735396
-0,9946268  -0,1035257  -175,2051  -189,337  167,2267  167,2267  -13,42488
-0,9925161  -0,1221138  -101,2597  -112,2994  166,8869  168,3795  141,6942
-0,9907191  -0,1359251  -135,631  -145,6741  163,9573  164,948  21,39899
-0,9939592  -0,1097501  -27,10306  -39,14032  171,7947  172,7887  45,01145
-0,9947007  -0,1028137  -234,9709  -250,097  191,8335  191,8335  -4,763205
-0,9981813  -0,05845217  -122,4863  -161,0624  201,9962  202,2228  -33,19939
-0,9976008  -0,05979177  -90,18976  -101,1933  200,9288  201,7601  -25,42462
-0,9960977  -0,08808801  -97,70851  -108,7537  230,0101  230,914  25,85238
-0,9947615  -0,102223  -271,065  -294,149  260,5585  260,5585  1,339201
-0,9982188  -0,04978405  -120,8983  -132,8769  275,4685  276,89  -17,13671
-0,9907191  -0,1359251  -39,59345  -49,63657  281,0891  281,0891  -4,061347
-0,9965755  -0,08268823  -204,5122  -216,5538  311,8921  311,8921  -2,242233
-0,9979053  -0,06043158  -108,2718  -125,2664  331,9593  332,7909  15,97641
-0,9984478  -0,05529138  -141,0244  -194,6072  339,5044  340,5621  21,0943
-0,9972221  -0,07434435  -86,70238  -137,8581  341,7334  342,3388  11,85941
-0,9964202  -0,07533163  -32,34459  -56,33401  346,6737  347,6332  12,12277
-0,9901901  -0,139385  -118,9344  -164,1898  341,6267  342,0692  12,18273
-0,9907968  -0,1352884  -138,552  -182,8235  348,6256  348,9495  -6,47452
-0,9941912  -0,1072968  -375,5721  -419,7457  348,5419  348,9229  1,009396
-0,9953146  -0,09668925  -345,0677  -367,2546  356,7994  356,7994  2,666422
-0,9923214  -0,1233405  -178,4781  -200,6792  357,5953  358,415  78,43658
-0,9970511  -0,0756584  -29,02849  -62,08249  369,169  369,701  11,01767
-0,9988554  -0,04622095  -89,57399  -128,6218  378,0577  378,7819  -5,670939
